2.150000000000000000e+02 3.420000000000000000e+02 -7.524652779102325439e-02 -6.530597060918807983e-02 4.230000078678131104e-01
2.530000000000000000e+02 2.980000000000000000e+02 -4.887950420379638672e-02 -3.477803617715835571e-02 4.230000078678131104e-01
2.980000000000000000e+02 2.790000000000000000e+02 -1.807278394699096680e-02 -2.210605517029762268e-02 4.330000281333923340e-01
3.370000000000000000e+02 2.710000000000000000e+02 1.002808287739753723e-02 -1.710706762969493866e-02 4.510000348091125488e-01
3.620000000000000000e+02 2.600000000000000000e+02 2.896576374769210815e-02 -9.109115228056907654e-03 4.580000340938568115e-01
3.290000000000000000e+02 3.060000000000000000e+02 3.973004408180713654e-03 -4.156798496842384338e-02 4.360000193119049072e-01
3.680000000000000000e+02 3.140000000000000000e+02 3.186555579304695129e-02 -4.728910326957702637e-02 4.360000193119049072e-01
3.480000000000000000e+02 3.160000000000000000e+02 1.727973110973834991e-02 -4.793718829751014709e-02 4.290000200271606445e-01
3.280000000000000000e+02 3.130000000000000000e+02 3.220450831577181816e-03 -4.603985697031021118e-02 4.310000240802764893e-01
3.260000000000000000e+02 3.360000000000000000e+02 1.798084354959428310e-03 -6.201035156846046448e-02 4.290000200271606445e-01
3.720000000000000000e+02 3.430000000000000000e+02 3.472633287310600281e-02 -6.802815198898315430e-02 4.360000193119049072e-01
3.420000000000000000e+02 3.420000000000000000e+02 1.296615228056907654e-02 -6.576913595199584961e-02 4.260000288486480713e-01
3.220000000000000000e+02 3.360000000000000000e+02 -1.021500560455024242e-03 -6.229944527149200439e-02 4.310000240802764893e-01
3.220000000000000000e+02 3.610000000000000000e+02 -1.028610859066247940e-03 -8.052955567836761475e-02 4.340000152587890625e-01
3.670000000000000000e+02 3.720000000000000000e+02 3.150759264826774597e-02 -8.978517353534698486e-02 4.410000145435333252e-01
3.520000000000000000e+02 3.700000000000000000e+02 2.023509703576564789e-02 -8.653566241264343262e-02 4.320000112056732178e-01
3.280000000000000000e+02 3.640000000000000000e+02 3.212978597730398178e-03 -8.190324902534484863e-02 4.300000071525573730e-01
3.110000000000000000e+02 3.860000000000000000e+02 -9.247518144547939301e-03 -1.026306375861167908e-01 4.530000090599060059e-01
3.420000000000000000e+02 3.970000000000000000e+02 1.360532920807600021e-02 -1.093363016843795776e-01 4.470000267028808594e-01
3.520000000000000000e+02 4.030000000000000000e+02 2.046929858624935150e-02 -1.111909747123718262e-01 4.370000064373016357e-01
3.550000000000000000e+02 4.050000000000000000e+02 2.251627855002880096e-02 -1.121090874075889587e-01 4.350000321865081787e-01
