5.900000000000000000e+01 3.530000000000000000e+02 -1.852252334356307983e-01 -7.362767308950424194e-02 4.270000159740447998e-01
8.600000000000000000e+01 3.020000000000000000e+02 -1.686505824327468872e-01 -3.844109177589416504e-02 4.330000281333923340e-01
1.340000000000000000e+02 2.780000000000000000e+02 -1.389080882072448730e-01 -2.208761684596538544e-02 4.470000267028808594e-01
1.760000000000000000e+02 2.680000000000000000e+02 -1.136749163269996643e-01 -1.551504153758287430e-02 4.700000286102294922e-01
2.000000000000000000e+02 2.520000000000000000e+02 -9.760165959596633911e-02 -3.261727513745427132e-03 4.820000231266021729e-01
1.700000000000000000e+02 3.070000000000000000e+02 -1.099944859743118286e-01 -4.238010197877883911e-02 4.370000064373016357e-01
2.080000000000000000e+02 3.070000000000000000e+02 -8.351228386163711548e-02 -4.276802390813827515e-02 4.410000145435333252e-01
1.830000000000000000e+02 3.130000000000000000e+02 -1.002148911356925964e-01 -4.646714031696319580e-02 4.350000321865081787e-01
1.580000000000000000e+02 3.130000000000000000e+02 -1.191392689943313599e-01 -4.689442366361618042e-02 4.390000104904174805e-01
1.740000000000000000e+02 3.380000000000000000e+02 -1.066368743777275085e-01 -6.430462747812271118e-02 4.350000321865081787e-01
2.160000000000000000e+02 3.360000000000000000e+02 -7.772511243820190430e-02 -6.374491006135940552e-02 4.410000145435333252e-01
1.780000000000000000e+02 3.390000000000000000e+02 -1.037826612591743469e-01 -6.501812487840652466e-02 4.350000321865081787e-01
1.540000000000000000e+02 3.380000000000000000e+02 -1.220197305083274841e-01 -6.489592790603637695e-02 4.390000104904174805e-01
1.720000000000000000e+02 3.640000000000000000e+02 -1.083123981952667236e-01 -8.304608613252639771e-02 4.360000193119049072e-01
2.150000000000000000e+02 3.670000000000000000e+02 -7.898217439651489258e-02 -8.675465732812881470e-02 4.440000355243682861e-01
1.880000000000000000e+02 3.660000000000000000e+02 -9.686929732561111450e-02 -8.447636663913726807e-02 4.360000193119049072e-01
1.600000000000000000e+02 3.650000000000000000e+02 -1.174309328198432922e-01 -8.414544910192489624e-02 4.380000233650207520e-01
1.650000000000000000e+02 3.910000000000000000e+02 -1.179970577359199524e-01 -1.065805181860923767e-01 4.540000259876251221e-01
2.000000000000000000e+02 3.980000000000000000e+02 -8.909694850444793701e-02 -1.083457991480827332e-01 4.400000274181365967e-01
2.060000000000000000e+02 4.010000000000000000e+02 -8.515172451734542847e-02 -1.110132262110710144e-01 4.420000314712524414e-01
2.030000000000000000e+02 4.010000000000000000e+02 -8.712925016880035400e-02 -1.107620596885681152e-01 4.410000145435333252e-01
