5.700000000000000000e+01 3.640000000000000000e+02 -1.870631724596023560e-01 -8.152230829000473022e-02 4.280000329017639160e-01
8.100000000000000000e+01 3.110000000000000000e+02 -1.702134609222412109e-01 -4.431536048650741577e-02 4.280000329017639160e-01
1.270000000000000000e+02 2.810000000000000000e+02 -1.440407335758209229e-01 -2.428716421127319336e-02 4.470000267028808594e-01
1.670000000000000000e+02 2.660000000000000000e+02 -1.195871159434318542e-01 -1.385430525988340378e-02 4.660000205039978027e-01
1.890000000000000000e+02 2.480000000000000000e+02 -1.056372001767158508e-01 -9.874816169030964375e-05 4.790000319480895996e-01
1.670000000000000000e+02 3.110000000000000000e+02 -1.113751232624053955e-01 -4.493660107254981995e-02 4.340000152587890625e-01
2.060000000000000000e+02 3.090000000000000000e+02 -8.476641774177551270e-02 -4.411444440484046936e-02 4.400000274181365967e-01
1.850000000000000000e+02 3.150000000000000000e+02 -9.810648858547210693e-02 -4.756383597850799561e-02 4.320000112056732178e-01
1.600000000000000000e+02 3.170000000000000000e+02 -1.168947219848632812e-01 -4.943452030420303345e-02 4.360000193119049072e-01
1.720000000000000000e+02 3.420000000000000000e+02 -1.068218573927879333e-01 -6.638668477535247803e-02 4.300000071525573730e-01
2.110000000000000000e+02 3.400000000000000000e+02 -8.115764707326889038e-02 -6.648716330528259277e-02 4.400000274181365967e-01
1.760000000000000000e+02 3.430000000000000000e+02 -1.040004491806030273e-01 -6.709198653697967529e-02 4.300000071525573730e-01
1.500000000000000000e+02 3.420000000000000000e+02 -1.240466609597206116e-01 -6.731301546096801758e-02 4.360000193119049072e-01
1.720000000000000000e+02 3.670000000000000000e+02 -1.075671315193176270e-01 -8.460532873868942261e-02 4.330000281333923340e-01
2.140000000000000000e+02 3.690000000000000000e+02 -7.971049100160598755e-02 -8.821117132902145386e-02 4.440000355243682861e-01
1.850000000000000000e+02 3.680000000000000000e+02 -9.833358973264694214e-02 -8.531554788351058960e-02 4.330000281333923340e-01
1.530000000000000000e+02 3.670000000000000000e+02 -1.224602609872817993e-01 -8.558229357004165649e-02 4.380000233650207520e-01
1.660000000000000000e+02 3.940000000000000000e+02 -1.172523349523544312e-01 -1.088145077228546143e-01 4.540000259876251221e-01
2.010000000000000000e+02 3.990000000000000000e+02 -8.797349035739898682e-02 -1.085717380046844482e-01 4.380000233650207520e-01
2.050000000000000000e+02 4.020000000000000000e+02 -8.509959280490875244e-02 -1.107270047068595886e-01 4.380000233650207520e-01
1.990000000000000000e+02 4.040000000000000000e+02 -8.961457014083862305e-02 -1.124199181795120239e-01 4.390000104904174805e-01
