1.160000000000000000e+02 2.360000000000000000e+02 -1.806900948286056519e-01 1.034206803888082504e-02 5.310000181198120117e-01
1.370000000000000000e+02 1.970000000000000000e+02 -1.617868542671203613e-01 4.414267092943191528e-02 5.290000438690185547e-01
1.690000000000000000e+02 1.700000000000000000e+02 -1.373124420642852783e-01 6.923057138919830322e-02 5.420000553131103516e-01
1.960000000000000000e+02 1.540000000000000000e+02 -1.160252317786216736e-01 8.545630425214767456e-02 5.550000071525573730e-01
2.120000000000000000e+02 1.380000000000000000e+02 -0.000000000000000000e+00 0.000000000000000000e+00 0.000000000000000000e+00
2.150000000000000000e+02 2.040000000000000000e+02 -1.005065888166427612e-01 4.065960273146629333e-02 5.649999976158142090e-01
2.500000000000000000e+02 2.020000000000000000e+02 -6.794814765453338623e-02 4.243781790137290955e-02 5.640000104904174805e-01
2.690000000000000000e+02 2.020000000000000000e+02 -5.001289770007133484e-02 4.213684052228927612e-02 5.600000023841857910e-01
2.860000000000000000e+02 2.030000000000000000e+02 -3.396678343415260315e-02 4.070308431982994080e-02 5.530000329017639160e-01
2.190000000000000000e+02 2.260000000000000000e+02 -9.731338173151016235e-02 2.037920057773590088e-02 5.680000185966491699e-01
2.570000000000000000e+02 2.270000000000000000e+02 -6.169002503156661987e-02 1.937907375395298004e-02 5.660000443458557129e-01
2.790000000000000000e+02 2.290000000000000000e+02 -4.060821235179901123e-02 1.724371127784252167e-02 5.570000410079956055e-01
2.960000000000000000e+02 2.300000000000000000e+02 -2.485061809420585632e-02 1.618351414799690247e-02 5.520000457763671875e-01
2.150000000000000000e+02 2.450000000000000000e+02 -1.008623689413070679e-01 2.673139097169041634e-03 5.670000314712524414e-01
2.520000000000000000e+02 2.480000000000000000e+02 -6.656660884618759155e-02 -1.170959367300383747e-04 5.680000185966491699e-01
2.720000000000000000e+02 2.490000000000000000e+02 -4.751027002930641174e-02 -1.039513852447271347e-03 5.630000233650207520e-01
2.890000000000000000e+02 2.510000000000000000e+02 -3.118894062936306000e-02 -2.830016193911433220e-03 5.520000457763671875e-01
2.050000000000000000e+02 2.640000000000000000e+02 -1.097745820879936218e-01 -1.494414266198873520e-02 5.649999976158142090e-01
2.340000000000000000e+02 2.700000000000000000e+02 -8.348429203033447266e-02 -2.064968273043632507e-02 5.690000057220458984e-01
2.510000000000000000e+02 2.720000000000000000e+02 -6.702298671007156372e-02 -2.231840416789054871e-02 5.640000104904174805e-01
2.680000000000000000e+02 2.740000000000000000e+02 -5.111339688301086426e-02 -2.408288046717643738e-02 5.620000362396240234e-01
