1.000000000000000000e+02 1.780000000000000000e+02 -1.946265399456024170e-01 6.085782870650291443e-02 5.310000181198120117e-01
1.170000000000000000e+02 1.380000000000000000e+02 -1.791417896747589111e-01 9.533584862947463989e-02 5.290000438690185547e-01
1.480000000000000000e+02 1.100000000000000000e+02 -1.565585136413574219e-01 1.230231001973152161e-01 5.440000295639038086e-01
1.750000000000000000e+02 9.300000000000000000e+01 -1.353870481252670288e-01 1.412402838468551636e-01 5.560000538825988770e-01
1.910000000000000000e+02 7.600000000000000000e+01 -1.210117340087890625e-01 1.570256352424621582e-01 5.570000410079956055e-01
1.990000000000000000e+02 1.410000000000000000e+02 -1.149271130561828613e-01 9.869294613599777222e-02 5.630000233650207520e-01
2.340000000000000000e+02 1.360000000000000000e+02 -8.275069296360015869e-02 1.034936830401420593e-01 5.640000104904174805e-01
2.530000000000000000e+02 1.360000000000000000e+02 -0.000000000000000000e+00 0.000000000000000000e+00 0.000000000000000000e+00
2.700000000000000000e+02 1.360000000000000000e+02 -8.495067805051803589e-02 1.778109669685363770e-01 9.690000414848327637e-01
2.050000000000000000e+02 1.640000000000000000e+02 -1.103574559092521667e-01 7.814149558544158936e-02 5.680000185966491699e-01
2.420000000000000000e+02 1.620000000000000000e+02 -7.575021684169769287e-02 7.986393570899963379e-02 5.670000314712524414e-01
2.640000000000000000e+02 1.620000000000000000e+02 -5.431335791945457458e-02 7.845540344715118408e-02 5.570000410079956055e-01
2.820000000000000000e+02 1.620000000000000000e+02 -3.752726316452026367e-02 7.775113731622695923e-02 5.520000457763671875e-01
2.020000000000000000e+02 1.840000000000000000e+02 -1.131526231765747070e-01 5.950849130749702454e-02 5.680000185966491699e-01
2.370000000000000000e+02 1.850000000000000000e+02 -8.025881648063659668e-02 5.837058648467063904e-02 5.660000443458557129e-01
2.570000000000000000e+02 1.840000000000000000e+02 -6.114506348967552185e-02 5.877511575818061829e-02 5.610000491142272949e-01
2.740000000000000000e+02 1.840000000000000000e+02 -4.509548842906951904e-02 5.825127661228179932e-02 5.560000538825988770e-01
1.920000000000000000e+02 2.050000000000000000e+02 -1.229010596871376038e-01 4.008449614048004150e-02 5.700000524520874023e-01
2.210000000000000000e+02 2.080000000000000000e+02 -9.612211585044860840e-02 3.741050884127616882e-02 5.720000267028808594e-01
2.380000000000000000e+02 2.080000000000000000e+02 -7.947053760290145874e-02 3.708349540829658508e-02 5.670000314712524414e-01
2.550000000000000000e+02 2.080000000000000000e+02 -6.321008503437042236e-02 3.682188317179679871e-02 5.630000233650207520e-01
