6.000000000000000000e+01 3.530000000000000000e+02 -1.853890866041183472e-01 -7.397253811359405518e-02 4.290000200271606445e-01
8.900000000000000000e+01 3.010000000000000000e+02 -1.661351919174194336e-01 -3.764373064041137695e-02 4.320000112056732178e-01
1.360000000000000000e+02 2.760000000000000000e+02 -1.380565464496612549e-01 -2.071351744234561920e-02 4.490000307559967041e-01
1.770000000000000000e+02 2.670000000000000000e+02 -1.131441667675971985e-01 -1.477550528943538666e-02 4.710000157356262207e-01
2.010000000000000000e+02 2.510000000000000000e+02 -9.661015868186950684e-02 -2.466010395437479019e-03 4.810000360012054443e-01
1.710000000000000000e+02 3.060000000000000000e+02 -1.097777783870697021e-01 -4.185400158166885376e-02 4.390000104904174805e-01
2.090000000000000000e+02 3.070000000000000000e+02 -8.316434174776077271e-02 -4.296198114752769470e-02 4.430000185966491699e-01
1.820000000000000000e+02 3.120000000000000000e+02 -1.009284406900405884e-01 -4.575364291667938232e-02 4.350000321865081787e-01
1.580000000000000000e+02 3.130000000000000000e+02 -1.202248185873031616e-01 -4.732170701026916504e-02 4.430000185966491699e-01
1.740000000000000000e+02 3.360000000000000000e+02 -1.061465889215469360e-01 -6.258854269981384277e-02 4.330000281333923340e-01
2.160000000000000000e+02 3.350000000000000000e+02 -7.772511243820190430e-02 -6.302156299352645874e-02 4.410000145435333252e-01
1.770000000000000000e+02 3.380000000000000000e+02 -1.042559891939163208e-01 -6.415680050849914551e-02 4.340000152587890625e-01
1.550000000000000000e+02 3.360000000000000000e+02 -1.221285536885261536e-01 -6.388945877552032471e-02 4.420000314712524414e-01
1.730000000000000000e+02 3.620000000000000000e+02 -1.073504239320755005e-01 -8.142861723899841309e-02 4.350000321865081787e-01
2.150000000000000000e+02 3.640000000000000000e+02 -7.916005700826644897e-02 -8.476033806800842285e-02 4.450000226497650146e-01
1.860000000000000000e+02 3.640000000000000000e+02 -9.829968959093093872e-02 -8.304608613252639771e-02 4.360000193119049072e-01
1.590000000000000000e+02 3.630000000000000000e+02 -1.178796589374542236e-01 -8.251977711915969849e-02 4.370000064373016357e-01
1.670000000000000000e+02 3.890000000000000000e+02 -1.162509918212890625e-01 -1.048597097396850586e-01 4.530000090599060059e-01
2.010000000000000000e+02 3.990000000000000000e+02 -8.837519586086273193e-02 -1.090674996376037598e-01 4.400000274181365967e-01
2.040000000000000000e+02 4.000000000000000000e+02 -8.660179376602172852e-02 -1.102882474660873413e-01 4.420000314712524414e-01
2.020000000000000000e+02 3.970000000000000000e+02 -8.765344321727752686e-02 -1.076240986585617065e-01 4.400000274181365967e-01
