2.020000000000000000e+02 3.300000000000000000e+02 -9.163768589496612549e-02 -6.196425110101699829e-02 4.600000083446502686e-01
2.310000000000000000e+02 2.870000000000000000e+02 -6.945209950208663940e-02 -2.939218468964099884e-02 4.580000340938568115e-01
2.700000000000000000e+02 2.590000000000000000e+02 -4.094114154577255249e-02 -8.522127754986286163e-03 4.670000076293945312e-01
3.080000000000000000e+02 2.440000000000000000e+02 -1.208479795604944229e-02 3.031220519915223122e-03 4.770000278949737549e-01
3.330000000000000000e+02 2.290000000000000000e+02 7.617469877004623413e-03 1.504568010568618774e-02 4.860000312328338623e-01
3.170000000000000000e+02 2.940000000000000000e+02 -5.180198233574628830e-03 -3.707176819443702698e-02 4.900000095367431641e-01
3.550000000000000000e+02 2.990000000000000000e+02 2.287860959768295288e-02 -3.706515580415725708e-02 4.420000314712524414e-01
3.640000000000000000e+02 3.030000000000000000e+02 2.940393239259719849e-02 -3.996507823467254639e-02 4.420000314712524414e-01
3.620000000000000000e+02 3.050000000000000000e+02 2.808034792542457581e-02 -4.160244017839431763e-02 4.440000355243682861e-01
3.170000000000000000e+02 3.200000000000000000e+02 -5.159054882824420929e-03 -5.773167684674263000e-02 4.880000352859497070e-01
3.590000000000000000e+02 3.260000000000000000e+02 2.595372125506401062e-02 -5.702407285571098328e-02 4.450000226497650146e-01
3.630000000000000000e+02 3.280000000000000000e+02 2.900331653654575348e-02 -5.874672904610633850e-02 4.470000267028808594e-01
3.530000000000000000e+02 3.250000000000000000e+02 2.162246033549308777e-02 -5.642067268490791321e-02 4.460000097751617432e-01
3.130000000000000000e+02 3.420000000000000000e+02 -8.309622295200824738e-03 -7.487800717353820801e-02 4.850000143051147461e-01
3.500000000000000000e+02 3.520000000000000000e+02 1.920986920595169067e-02 -7.531835883855819702e-02 4.410000145435333252e-01
3.620000000000000000e+02 3.520000000000000000e+02 2.801710367202758789e-02 -7.565993815660476685e-02 4.430000185966491699e-01
3.510000000000000000e+02 3.450000000000000000e+02 1.997846551239490509e-02 -7.041428983211517334e-02 4.420000314712524414e-01
3.020000000000000000e+02 3.660000000000000000e+02 -1.699054799973964691e-02 -9.358275681734085083e-02 4.830000102519989014e-01
3.350000000000000000e+02 3.740000000000000000e+02 8.358939550817012787e-03 -9.123186022043228149e-02 4.410000145435333252e-01
3.470000000000000000e+02 3.740000000000000000e+02 1.715560071170330048e-02 -9.185248613357543945e-02 4.440000355243682861e-01
3.440000000000000000e+02 3.700000000000000000e+02 1.490321569144725800e-02 -8.853881061077117920e-02 4.420000314712524414e-01
