1.080000000000000000e+02 2.100000000000000000e+02 -1.873049139976501465e-01 3.292494267225265503e-02 5.300000309944152832e-01
1.270000000000000000e+02 1.690000000000000000e+02 -1.714310348033905029e-01 6.882584840059280396e-02 5.320000052452087402e-01
1.610000000000000000e+02 1.400000000000000000e+02 -1.452244073152542114e-01 9.643149375915527344e-02 5.450000166893005371e-01
1.880000000000000000e+02 1.240000000000000000e+02 -1.241971030831336975e-01 1.135788410902023315e-01 5.590000152587890625e-01
2.050000000000000000e+02 1.070000000000000000e+02 -1.871025264263153076e-01 2.225166261196136475e-01 9.630000591278076172e-01
2.090000000000000000e+02 1.750000000000000000e+02 -1.073814928531646729e-01 6.837146729230880737e-02 5.720000267028808594e-01
2.440000000000000000e+02 1.720000000000000000e+02 -1.256261318922042847e-01 1.199709773063659668e-01 9.640000462532043457e-01
2.620000000000000000e+02 1.710000000000000000e+02 -9.746510535478591919e-02 1.219304278492927551e-01 9.670000672340393066e-01
2.790000000000000000e+02 1.710000000000000000e+02 -6.984320282936096191e-02 1.207956001162528992e-01 9.580000638961791992e-01
2.140000000000000000e+02 1.970000000000000000e+02 -1.019719764590263367e-01 4.739704355597496033e-02 5.680000185966491699e-01
2.530000000000000000e+02 1.960000000000000000e+02 -6.551934033632278442e-02 4.824360832571983337e-02 5.670000314712524414e-01
2.740000000000000000e+02 1.960000000000000000e+02 -4.541990906000137329e-02 4.764800891280174255e-02 5.600000023841857910e-01
2.910000000000000000e+02 1.970000000000000000e+02 -5.114537850022315979e-02 8.019112795591354370e-02 9.610000252723693848e-01
2.110000000000000000e+02 2.160000000000000000e+02 -1.053204908967018127e-01 2.985254302620887756e-02 5.710000395774841309e-01
2.480000000000000000e+02 2.180000000000000000e+02 -6.942720711231231689e-02 2.748939581215381622e-02 5.610000491142272949e-01
2.680000000000000000e+02 2.180000000000000000e+02 -5.111339688301086426e-02 2.753839641809463501e-02 5.620000362396240234e-01
2.850000000000000000e+02 2.190000000000000000e+02 -3.518921509385108948e-02 2.642714418470859528e-02 5.580000281333923340e-01
2.010000000000000000e+02 2.360000000000000000e+02 -1.136826425790786743e-01 1.102374866604804993e-02 5.660000443458557129e-01
2.300000000000000000e+02 2.410000000000000000e+02 -8.721774071455001831e-02 6.415728479623794556e-03 5.690000057220458984e-01
2.470000000000000000e+02 2.420000000000000000e+02 -0.000000000000000000e+00 0.000000000000000000e+00 0.000000000000000000e+00
2.640000000000000000e+02 2.430000000000000000e+02 -5.558099597692489624e-02 4.557143431156873703e-03 5.700000524520874023e-01
