2.010000000000000000e+02 3.290000000000000000e+02 -9.118713438510894775e-02 -6.041136384010314941e-02 4.540000259876251221e-01
2.310000000000000000e+02 2.880000000000000000e+02 -6.914881616830825806e-02 -3.001177497208118439e-02 4.560000300407409668e-01
2.720000000000000000e+02 2.620000000000000000e+02 -3.898711502552032471e-02 -1.070424169301986694e-02 4.620000123977661133e-01
3.100000000000000000e+02 2.490000000000000000e+02 -1.047579292207956314e-02 -8.770321146585047245e-04 4.750000238418579102e-01
3.350000000000000000e+02 2.340000000000000000e+02 1.853751204907894135e-02 2.225638926029205322e-02 9.780000448226928711e-01
3.190000000000000000e+02 2.990000000000000000e+02 -3.536197124049067497e-03 -4.067103937268257141e-02 4.850000143051147461e-01
3.610000000000000000e+02 3.080000000000000000e+02 2.735203132033348083e-02 -4.378722235560417175e-02 4.440000355243682861e-01
3.650000000000000000e+02 3.080000000000000000e+02 3.019713051617145538e-02 -4.368860274553298950e-02 4.430000185966491699e-01
3.530000000000000000e+02 3.040000000000000000e+02 2.157398127019405365e-02 -4.096623510122299194e-02 4.450000226497650146e-01
3.170000000000000000e+02 3.250000000000000000e+02 -0.000000000000000000e+00 -0.000000000000000000e+00 0.000000000000000000e+00
3.630000000000000000e+02 3.350000000000000000e+02 2.848424017429351807e-02 -6.273575127124786377e-02 4.390000104904174805e-01
3.650000000000000000e+02 3.310000000000000000e+02 3.012896701693534851e-02 -6.026454642415046692e-02 4.420000314712524414e-01
3.510000000000000000e+02 3.220000000000000000e+02 2.034006640315055847e-02 -5.471238121390342712e-02 4.500000178813934326e-01
3.110000000000000000e+02 3.480000000000000000e+02 -9.839522652328014374e-03 -7.915838807821273804e-02 4.820000231266021729e-01
3.520000000000000000e+02 3.600000000000000000e+02 2.032877691090106964e-02 -7.981770485639572144e-02 4.340000152587890625e-01
3.620000000000000000e+02 3.550000000000000000e+02 0.000000000000000000e+00 -0.000000000000000000e+00 0.000000000000000000e+00
3.530000000000000000e+02 3.450000000000000000e+02 2.123461477458477020e-02 -6.977704912424087524e-02 4.380000233650207520e-01
2.990000000000000000e+02 3.700000000000000000e+02 -1.924712583422660828e-02 -9.615074098110198975e-02 4.800000190734863281e-01
3.330000000000000000e+02 3.810000000000000000e+02 0.000000000000000000e+00 -0.000000000000000000e+00 0.000000000000000000e+00
3.500000000000000000e+02 3.820000000000000000e+02 1.907918974757194519e-02 -9.635859727859497070e-02 4.380000233650207520e-01
3.540000000000000000e+02 3.790000000000000000e+02 2.195308730006217957e-02 -9.420333057641983032e-02 4.380000233650207520e-01
