2.020000000000000000e+02 3.290000000000000000e+02 -9.402824193239212036e-02 -6.280653178691864014e-02 4.720000326633453369e-01
2.300000000000000000e+02 2.850000000000000000e+02 -0.000000000000000000e+00 -0.000000000000000000e+00 0.000000000000000000e+00
2.640000000000000000e+02 2.540000000000000000e+02 -4.700006917119026184e-02 -4.842907655984163284e-03 4.820000231266021729e-01
2.950000000000000000e+02 2.340000000000000000e+02 -2.309649623930454254e-02 1.126473769545555115e-02 4.950000345706939697e-01
3.190000000000000000e+02 2.180000000000000000e+02 -0.000000000000000000e+00 0.000000000000000000e+00 0.000000000000000000e+00
3.110000000000000000e+02 2.870000000000000000e+02 -1.026821509003639221e-02 -3.228006139397621155e-02 5.030000209808349609e-01
3.490000000000000000e+02 2.900000000000000000e+02 0.000000000000000000e+00 -0.000000000000000000e+00 0.000000000000000000e+00
3.620000000000000000e+02 2.950000000000000000e+02 2.782737091183662415e-02 -3.401063755154609680e-02 4.400000274181365967e-01
3.620000000000000000e+02 2.990000000000000000e+02 2.789061516523361206e-02 -3.698129579424858093e-02 4.410000145435333252e-01
3.120000000000000000e+02 3.140000000000000000e+02 -9.386797435581684113e-03 -5.423061922192573547e-02 5.000000000000000000e-01
3.570000000000000000e+02 3.180000000000000000e+02 2.603499218821525574e-02 -5.440548062324523926e-02 4.730000197887420654e-01
3.650000000000000000e+02 3.220000000000000000e+02 3.169676288962364197e-02 -5.653613060712814331e-02 4.650000333786010742e-01
3.570000000000000000e+02 3.220000000000000000e+02 2.597994916141033173e-02 -5.738721042871475220e-02 4.720000326633453369e-01
3.100000000000000000e+02 3.370000000000000000e+02 -1.107125915586948395e-02 -7.338562607765197754e-02 5.020000338554382324e-01
3.480000000000000000e+02 3.440000000000000000e+02 1.937424391508102417e-02 -7.583836466073989868e-02 4.810000360012054443e-01
3.660000000000000000e+02 3.460000000000000000e+02 3.169167041778564453e-02 -7.307064533233642578e-02 4.540000259876251221e-01
3.590000000000000000e+02 3.450000000000000000e+02 2.694521099328994751e-02 -7.360044866800308228e-02 4.620000123977661133e-01
3.010000000000000000e+02 3.610000000000000000e+02 -1.822464913129806519e-02 -9.184823185205459595e-02 4.950000345706939697e-01
3.340000000000000000e+02 3.640000000000000000e+02 0.000000000000000000e+00 -0.000000000000000000e+00 0.000000000000000000e+00
3.520000000000000000e+02 3.650000000000000000e+02 2.206187695264816284e-02 -9.048517793416976929e-02 4.710000157356262207e-01
3.530000000000000000e+02 3.650000000000000000e+02 2.283448353409767151e-02 -9.048517793416976929e-02 4.710000157356262207e-01
