2.020000000000000000e+02 3.250000000000000000e+02 -9.621956944465637207e-02 -6.110131368041038513e-02 4.830000102519989014e-01
2.310000000000000000e+02 2.810000000000000000e+02 -7.278822362422943115e-02 -2.608017623424530029e-02 4.800000190734863281e-01
2.640000000000000000e+02 2.520000000000000000e+02 -4.817019402980804443e-02 -3.342932090163230896e-03 4.940000176429748535e-01
2.880000000000000000e+02 2.320000000000000000e+02 -2.976873144507408142e-02 1.333120092749595642e-02 5.120000243186950684e-01
3.120000000000000000e+02 2.160000000000000000e+02 -1.770349964499473572e-02 4.930113255977630615e-02 9.430000185966491699e-01
3.080000000000000000e+02 2.850000000000000000e+02 -1.304752845317125320e-02 -3.136072680354118347e-02 5.150000452995300293e-01
3.440000000000000000e+02 2.860000000000000000e+02 1.719601824879646301e-02 -3.189277276396751404e-02 5.100000500679016113e-01
3.620000000000000000e+02 2.900000000000000000e+02 0.000000000000000000e+00 -0.000000000000000000e+00 0.000000000000000000e+00
3.770000000000000000e+02 2.940000000000000000e+02 3.812660276889801025e-02 -3.283499553799629211e-02 4.340000152587890625e-01
3.070000000000000000e+02 3.120000000000000000e+02 -1.389230974018573761e-02 -5.416810512542724609e-02 5.150000452995300293e-01
3.480000000000000000e+02 3.150000000000000000e+02 0.000000000000000000e+00 -0.000000000000000000e+00 0.000000000000000000e+00
3.670000000000000000e+02 3.210000000000000000e+02 3.443687036633491516e-02 -5.781244859099388123e-02 4.820000231266021729e-01
3.760000000000000000e+02 3.260000000000000000e+02 4.060442000627517700e-02 -6.035581603646278381e-02 4.710000157356262207e-01
3.040000000000000000e+02 3.350000000000000000e+02 -1.639475673437118530e-02 -7.345370203256607056e-02 5.139999985694885254e-01
3.430000000000000000e+02 3.400000000000000000e+02 1.613489724695682526e-02 -7.600691169500350952e-02 5.030000209808349609e-01
3.630000000000000000e+02 3.420000000000000000e+02 3.185822814702987671e-02 -7.580433785915374756e-02 4.910000264644622803e-01
3.730000000000000000e+02 3.440000000000000000e+02 3.901819139719009399e-02 -7.568068802356719971e-02 4.800000190734863281e-01
2.960000000000000000e+02 3.580000000000000000e+02 -2.286977134644985199e-02 -9.176070243120193481e-02 5.080000162124633789e-01
3.300000000000000000e+02 3.610000000000000000e+02 0.000000000000000000e+00 -0.000000000000000000e+00 0.000000000000000000e+00
3.470000000000000000e+02 3.610000000000000000e+02 1.916481368243694305e-02 -9.203378111124038696e-02 4.960000216960906982e-01
3.570000000000000000e+02 3.630000000000000000e+02 2.702575176954269409e-02 -9.271673113107681274e-02 4.910000264644622803e-01
