1.910000000000000000e+02 3.160000000000000000e+02 -1.081936061382293701e-01 -5.564736574888229370e-02 4.980000257492065430e-01
2.160000000000000000e+02 2.750000000000000000e+02 -8.741872012615203857e-02 -2.206819504499435425e-02 4.960000216960906982e-01
2.490000000000000000e+02 2.480000000000000000e+02 -6.215693801641464233e-02 -1.049327984219416976e-04 5.090000033378601074e-01
2.740000000000000000e+02 2.300000000000000000e+02 -4.258117079734802246e-02 1.539192907512187958e-02 5.250000357627868652e-01
2.980000000000000000e+02 2.140000000000000000e+02 -0.000000000000000000e+00 0.000000000000000000e+00 0.000000000000000000e+00
2.910000000000000000e+02 2.800000000000000000e+02 -2.826034836471080780e-02 -2.798023261129856110e-02 5.310000181198120117e-01
3.300000000000000000e+02 2.820000000000000000e+02 5.698956549167633057e-03 -2.966618165373802185e-02 5.300000309944152832e-01
3.510000000000000000e+02 2.840000000000000000e+02 0.000000000000000000e+00 -0.000000000000000000e+00 0.000000000000000000e+00
3.710000000000000000e+02 2.870000000000000000e+02 0.000000000000000000e+00 -0.000000000000000000e+00 0.000000000000000000e+00
2.900000000000000000e+02 3.050000000000000000e+02 -2.913137525320053101e-02 -4.975426569581031799e-02 5.310000181198120117e-01
3.340000000000000000e+02 3.080000000000000000e+02 0.000000000000000000e+00 -0.000000000000000000e+00 0.000000000000000000e+00
3.580000000000000000e+02 3.130000000000000000e+02 0.000000000000000000e+00 -0.000000000000000000e+00 0.000000000000000000e+00
3.750000000000000000e+02 3.180000000000000000e+02 0.000000000000000000e+00 -0.000000000000000000e+00 0.000000000000000000e+00
2.870000000000000000e+02 3.260000000000000000e+02 -3.162489458918571472e-02 -6.778816878795623779e-02 5.290000438690185547e-01
3.260000000000000000e+02 3.320000000000000000e+02 0.000000000000000000e+00 -0.000000000000000000e+00 0.000000000000000000e+00
3.480000000000000000e+02 3.370000000000000000e+02 2.074373327195644379e-02 -7.528605312108993530e-02 5.150000452995300293e-01
3.630000000000000000e+02 3.400000000000000000e+02 3.276660665869712830e-02 -7.630912214517593384e-02 5.049999952316284180e-01
2.800000000000000000e+02 3.490000000000000000e+02 -3.741405904293060303e-02 -8.708135783672332764e-02 5.250000357627868652e-01
3.140000000000000000e+02 3.510000000000000000e+02 -0.000000000000000000e+00 -0.000000000000000000e+00 0.000000000000000000e+00
3.300000000000000000e+02 3.530000000000000000e+02 4.763467237353324890e-03 -7.638655602931976318e-02 4.430000185966491699e-01
3.410000000000000000e+02 3.570000000000000000e+02 1.275690551847219467e-02 -7.929304242134094238e-02 4.430000185966491699e-01
