1.500000000000000000e+02 2.950000000000000000e+02 -1.485145688056945801e-01 -4.034898057579994202e-02 5.220000147819519043e-01
1.720000000000000000e+02 2.550000000000000000e+02 -1.296767741441726685e-01 -6.101008038967847824e-03 5.220000147819519043e-01
2.050000000000000000e+02 2.280000000000000000e+02 -1.031686812639236450e-01 1.730976067483425140e-02 5.310000181198120117e-01
2.330000000000000000e+02 2.120000000000000000e+02 -8.115371316671371460e-02 3.218661621212959290e-02 5.470000505447387695e-01
2.530000000000000000e+02 1.970000000000000000e+02 -6.413268297910690308e-02 4.631225019693374634e-02 5.550000071525573730e-01
2.530000000000000000e+02 2.610000000000000000e+02 -6.413268297910690308e-02 -1.194866467267274857e-02 5.550000071525573730e-01
2.890000000000000000e+02 2.600000000000000000e+02 -3.135844320058822632e-02 -1.103833783417940140e-02 5.550000071525573730e-01
3.080000000000000000e+02 2.620000000000000000e+02 -1.385824847966432571e-02 -1.267363782972097397e-02 5.470000505447387695e-01
3.260000000000000000e+02 2.650000000000000000e+02 2.259131520986557007e-03 -1.514053251594305038e-02 5.390000343322753906e-01
2.560000000000000000e+02 2.840000000000000000e+02 -6.162276864051818848e-02 -3.300469368696212769e-02 5.570000410079956055e-01
2.950000000000000000e+02 2.870000000000000000e+02 -2.584941126406192780e-02 -3.555298969149589539e-02 5.540000200271606445e-01
3.160000000000000000e+02 2.890000000000000000e+02 -6.655640900135040283e-03 -3.676326200366020203e-02 5.450000166893005371e-01
3.330000000000000000e+02 2.920000000000000000e+02 0.000000000000000000e+00 -0.000000000000000000e+00 0.000000000000000000e+00
2.510000000000000000e+02 3.040000000000000000e+02 -6.607231497764587402e-02 -5.118478089570999146e-02 5.560000538825988770e-01
2.880000000000000000e+02 3.080000000000000000e+02 -3.215255588293075562e-02 -5.453678593039512634e-02 5.530000329017639160e-01
3.080000000000000000e+02 3.090000000000000000e+02 -1.395958755165338516e-02 -5.524331331253051758e-02 5.509999990463256836e-01
3.260000000000000000e+02 3.110000000000000000e+02 0.000000000000000000e+00 -0.000000000000000000e+00 0.000000000000000000e+00
2.400000000000000000e+02 3.250000000000000000e+02 -7.583095133304595947e-02 -7.008308172225952148e-02 5.540000200271606445e-01
2.690000000000000000e+02 3.300000000000000000e+02 -4.974497482180595398e-02 -7.503062486648559570e-02 5.570000410079956055e-01
2.870000000000000000e+02 3.310000000000000000e+02 -3.294010460376739502e-02 -7.512616366147994995e-02 5.509999990463256836e-01
3.040000000000000000e+02 3.330000000000000000e+02 -0.000000000000000000e+00 -0.000000000000000000e+00 0.000000000000000000e+00
