2.160000000000000000e+02 3.440000000000000000e+02 -7.455266267061233521e-02 -6.669360399246215820e-02 4.230000078678131104e-01
2.520000000000000000e+02 3.000000000000000000e+02 -4.969057068228721619e-02 -3.625116869807243347e-02 4.240000247955322266e-01
2.960000000000000000e+02 2.810000000000000000e+02 -1.967340521514415741e-02 -2.374382689595222473e-02 4.370000064373016357e-01
3.350000000000000000e+02 2.750000000000000000e+02 8.700120262801647186e-03 -2.042197808623313904e-02 4.590000212192535400e-01
3.610000000000000000e+02 2.660000000000000000e+02 2.876891382038593292e-02 -1.388403493911027908e-02 4.670000076293945312e-01
3.280000000000000000e+02 3.070000000000000000e+02 3.227922832593321800e-03 -4.189520701766014099e-02 4.320000112056732178e-01
3.650000000000000000e+02 3.110000000000000000e+02 2.971997484564781189e-02 -4.514368250966072083e-02 4.360000193119049072e-01
3.450000000000000000e+02 3.150000000000000000e+02 1.520395465195178986e-02 -4.734363406896591187e-02 4.300000071525573730e-01
3.220000000000000000e+02 3.130000000000000000e+02 -1.028610859066247940e-03 -4.636031761765480042e-02 4.340000152587890625e-01
3.270000000000000000e+02 3.360000000000000000e+02 2.513458952307701111e-03 -6.229944527149200439e-02 4.310000240802764893e-01
3.710000000000000000e+02 3.400000000000000000e+02 3.416715189814567566e-02 -6.618494540452957153e-02 4.380000233650207520e-01
3.400000000000000000e+02 3.390000000000000000e+02 1.165004074573516846e-02 -6.412132084369659424e-02 4.290000200271606445e-01
3.170000000000000000e+02 3.340000000000000000e+02 -4.588175565004348755e-03 -6.130936369299888611e-02 4.340000152587890625e-01
3.240000000000000000e+02 3.610000000000000000e+02 3.943044866900891066e-04 -8.034400641918182373e-02 4.330000281333923340e-01
3.670000000000000000e+02 3.690000000000000000e+02 3.157903999090194702e-02 -8.781382441520690918e-02 4.420000314712524414e-01
3.480000000000000000e+02 3.660000000000000000e+02 1.740056835114955902e-02 -8.370134979486465454e-02 4.320000112056732178e-01
3.220000000000000000e+02 3.600000000000000000e+02 -1.028610859066247940e-03 -7.981770485639572144e-02 4.340000152587890625e-01
3.140000000000000000e+02 3.870000000000000000e+02 -7.002786733210086823e-03 -1.031454652547836304e-01 4.520000219345092773e-01
3.450000000000000000e+02 3.980000000000000000e+02 1.569896750152111053e-02 -1.093307659029960632e-01 4.440000355243682861e-01
3.560000000000000000e+02 4.030000000000000000e+02 2.306962572038173676e-02 -1.099187657237052917e-01 4.320000112056732178e-01
3.580000000000000000e+02 4.040000000000000000e+02 2.454357221722602844e-02 -1.108834370970726013e-01 4.330000281333923340e-01
