2.100000000000000000e+02 3.330000000000000000e+02 -8.113504201173782349e-02 -6.087675690650939941e-02 4.360000193119049072e-01
2.460000000000000000e+02 2.920000000000000000e+02 -5.500696226954460144e-02 -3.133890032768249512e-02 4.330000281333923340e-01
2.900000000000000000e+02 2.720000000000000000e+02 -2.441329881548881531e-02 -1.760938018560409546e-02 4.450000226497650146e-01
3.290000000000000000e+02 2.630000000000000000e+02 4.191701766103506088e-03 -1.141240820288658142e-02 4.600000083446502686e-01
3.540000000000000000e+02 2.510000000000000000e+02 2.345672436058521271e-02 -2.399361459538340569e-03 4.680000245571136475e-01
3.220000000000000000e+02 3.050000000000000000e+02 -1.064161886461079121e-03 -4.207093268632888794e-02 4.490000307559967041e-01
3.620000000000000000e+02 3.110000000000000000e+02 2.757439576089382172e-02 -4.514368250966072083e-02 4.360000193119049072e-01
3.560000000000000000e+02 3.130000000000000000e+02 2.301622368395328522e-02 -4.603985697031021118e-02 4.310000240802764893e-01
3.390000000000000000e+02 3.110000000000000000e+02 1.094632968306541443e-02 -4.441890120506286621e-02 4.290000200271606445e-01
3.200000000000000000e+02 3.330000000000000000e+02 -2.435484435409307480e-03 -6.017862632870674133e-02 4.310000240802764893e-01
3.650000000000000000e+02 3.420000000000000000e+02 2.965181134641170502e-02 -6.715862452983856201e-02 4.350000321865081787e-01
3.500000000000000000e+02 3.400000000000000000e+02 1.860003173351287842e-02 -6.452276557683944702e-02 4.270000159740447998e-01
3.290000000000000000e+02 3.350000000000000000e+02 3.881880780681967735e-03 -6.087797880172729492e-02 4.260000288486480713e-01
3.150000000000000000e+02 3.560000000000000000e+02 -0.000000000000000000e+00 -0.000000000000000000e+00 0.000000000000000000e+00
3.580000000000000000e+02 3.690000000000000000e+02 2.482698485255241394e-02 -8.701913058757781982e-02 4.380000233650207520e-01
3.550000000000000000e+02 3.680000000000000000e+02 2.251627855002880096e-02 -8.570961654186248779e-02 4.350000321865081787e-01
3.360000000000000000e+02 3.630000000000000000e+02 8.773411624133586884e-03 -8.044262230396270752e-02 4.260000288486480713e-01
3.020000000000000000e+02 3.790000000000000000e+02 -1.632218435406684875e-02 -9.979531168937683105e-02 4.640000164508819580e-01
3.310000000000000000e+02 3.930000000000000000e+02 5.750398617237806320e-03 -1.104502305388450623e-01 4.640000164508819580e-01
3.490000000000000000e+02 4.010000000000000000e+02 1.861223392188549042e-02 -1.115155518054962158e-01 4.440000355243682861e-01
3.560000000000000000e+02 4.050000000000000000e+02 2.349684201180934906e-02 -1.133976951241493225e-01 4.400000274181365967e-01
