2.040000000000000000e+02 3.270000000000000000e+02 -9.404719620943069458e-02 -6.229642406105995178e-02 4.800000190734863281e-01
2.330000000000000000e+02 2.830000000000000000e+02 -7.091676443815231323e-02 -2.753956615924835205e-02 4.780000150203704834e-01
2.660000000000000000e+02 2.530000000000000000e+02 -4.626683518290519714e-02 -4.127983469516038895e-03 4.910000264644622803e-01
2.920000000000000000e+02 2.320000000000000000e+02 -2.599664404988288879e-02 1.312290038913488388e-02 5.040000081062316895e-01
3.160000000000000000e+02 2.160000000000000000e+02 -1.149166654795408249e-02 4.919657111167907715e-02 9.410000443458557129e-01
3.120000000000000000e+02 2.860000000000000000e+02 -9.630854241549968719e-03 -3.208037465810775757e-02 5.130000114440917969e-01
3.480000000000000000e+02 2.880000000000000000e+02 2.062289603054523468e-02 -3.369743004441261292e-02 5.120000243186950684e-01
3.630000000000000000e+02 2.920000000000000000e+02 2.841935679316520691e-02 -3.170077875256538391e-02 4.380000233650207520e-01
3.720000000000000000e+02 2.970000000000000000e+02 3.464668616652488708e-02 -3.505115211009979248e-02 4.350000321865081787e-01
3.120000000000000000e+02 3.130000000000000000e+02 -9.612080641090869904e-03 -5.469235777854919434e-02 5.120000243186950684e-01
3.540000000000000000e+02 3.150000000000000000e+02 2.480999752879142761e-02 -5.450022965669631958e-02 4.950000345706939697e-01
3.680000000000000000e+02 3.210000000000000000e+02 3.464283049106597900e-02 -5.685291066765785217e-02 4.740000367164611816e-01
3.700000000000000000e+02 3.240000000000000000e+02 3.596878424286842346e-02 -5.881071835756301880e-02 4.710000157356262207e-01
3.090000000000000000e+02 3.360000000000000000e+02 -0.000000000000000000e+00 -0.000000000000000000e+00 0.000000000000000000e+00
3.470000000000000000e+02 3.410000000000000000e+02 1.924209296703338623e-02 -7.606821507215499878e-02 4.980000257492065430e-01
3.660000000000000000e+02 3.430000000000000000e+02 3.350660949945449829e-02 -7.489337772130966187e-02 4.800000190734863281e-01
3.710000000000000000e+02 3.410000000000000000e+02 0.000000000000000000e+00 -0.000000000000000000e+00 0.000000000000000000e+00
3.020000000000000000e+02 3.590000000000000000e+02 -1.772926747798919678e-02 -9.186484664678573608e-02 5.040000081062316895e-01
3.340000000000000000e+02 3.620000000000000000e+02 7.652857806533575058e-03 -8.273895829916000366e-02 4.420000314712524414e-01
3.500000000000000000e+02 3.610000000000000000e+02 2.130074054002761841e-02 -9.073492139577865601e-02 4.890000224113464355e-01
3.570000000000000000e+02 3.600000000000000000e+02 2.669549919664859772e-02 -8.919720351696014404e-02 4.850000143051147461e-01
