1.770000000000000000e+02 3.060000000000000000e+02 -1.229932382702827454e-01 -4.881377890706062317e-02 5.120000243186950684e-01
2.000000000000000000e+02 2.650000000000000000e+02 -1.036764532327651978e-01 -1.438210066407918930e-02 5.120000243186950684e-01
2.320000000000000000e+02 2.380000000000000000e+02 -7.800093293190002441e-02 8.421988226473331451e-03 5.200000405311584473e-01
2.600000000000000000e+02 2.200000000000000000e+02 -5.599069595336914062e-02 2.459749393165111542e-02 5.380000472068786621e-01
2.820000000000000000e+02 2.050000000000000000e+02 -6.465294212102890015e-02 6.687781214714050293e-02 9.510000348091125488e-01
2.770000000000000000e+02 2.720000000000000000e+02 -4.144514724612236023e-02 -2.152697369456291199e-02 5.440000295639038086e-01
3.140000000000000000e+02 2.720000000000000000e+02 -8.412639610469341278e-03 -2.148740179836750031e-02 5.430000424385070801e-01
3.350000000000000000e+02 2.740000000000000000e+02 1.017857156693935394e-02 -2.301157638430595398e-02 5.370000004768371582e-01
3.550000000000000000e+02 2.780000000000000000e+02 0.000000000000000000e+00 -0.000000000000000000e+00 0.000000000000000000e+00
2.800000000000000000e+02 2.970000000000000000e+02 -3.883935511112213135e-02 -4.391465708613395691e-02 5.450000166893005371e-01
3.210000000000000000e+02 3.010000000000000000e+02 -2.201722469180822372e-03 -4.783891141414642334e-02 5.490000247955322266e-01
3.460000000000000000e+02 3.050000000000000000e+02 1.631628721952438354e-02 -4.132134094834327698e-02 4.410000145435333252e-01
3.650000000000000000e+02 3.080000000000000000e+02 0.000000000000000000e+00 -0.000000000000000000e+00 0.000000000000000000e+00
2.750000000000000000e+02 3.180000000000000000e+02 -4.299144819378852844e-02 -6.222698464989662170e-02 5.410000085830688477e-01
3.140000000000000000e+02 3.230000000000000000e+02 -0.000000000000000000e+00 -0.000000000000000000e+00 0.000000000000000000e+00
3.360000000000000000e+02 3.240000000000000000e+02 9.123523719608783722e-03 -5.531454086303710938e-02 4.430000185966491699e-01
3.550000000000000000e+02 3.270000000000000000e+02 2.712305821478366852e-02 -6.800693273544311523e-02 5.240000486373901367e-01
2.650000000000000000e+02 3.380000000000000000e+02 -5.196162685751914978e-02 -8.012209087610244751e-02 5.420000553131103516e-01
2.960000000000000000e+02 3.430000000000000000e+02 -2.435540407896041870e-02 -8.441107720136642456e-02 5.410000085830688477e-01
3.140000000000000000e+02 3.450000000000000000e+02 -0.000000000000000000e+00 -0.000000000000000000e+00 0.000000000000000000e+00
3.300000000000000000e+02 3.470000000000000000e+02 4.763467237353324890e-03 -7.202683389186859131e-02 4.430000185966491699e-01
