2.080000000000000000e+02 3.330000000000000000e+02 -8.313354104757308960e-02 -6.129563227295875549e-02 4.390000104904174805e-01
2.420000000000000000e+02 2.920000000000000000e+02 -5.838243663311004639e-02 -3.162840381264686584e-02 4.370000064373016357e-01
2.860000000000000000e+02 2.700000000000000000e+02 -2.751739509403705597e-02 -1.625845022499561310e-02 4.480000138282775879e-01
3.240000000000000000e+02 2.600000000000000000e+02 4.198022070340812206e-04 -9.168781340122222900e-03 4.610000252723693848e-01
3.520000000000000000e+02 2.470000000000000000e+02 2.192135527729988098e-02 6.711464957334101200e-04 4.680000245571136475e-01
3.220000000000000000e+02 3.070000000000000000e+02 -1.097342930734157562e-03 -4.490157589316368103e-02 4.630000293254852295e-01
3.610000000000000000e+02 3.120000000000000000e+02 2.673599310219287872e-02 -4.564845934510231018e-02 4.340000152587890625e-01
3.620000000000000000e+02 3.140000000000000000e+02 2.763763815164566040e-02 -4.739756137132644653e-02 4.370000064373016357e-01
3.470000000000000000e+02 3.120000000000000000e+02 1.649874076247215271e-02 -4.491219297051429749e-02 4.270000159740447998e-01
3.190000000000000000e+02 3.330000000000000000e+02 -0.000000000000000000e+00 -0.000000000000000000e+00 0.000000000000000000e+00
3.650000000000000000e+02 3.430000000000000000e+02 2.951548062264919281e-02 -6.756006926298141479e-02 4.330000281333923340e-01
3.580000000000000000e+02 3.420000000000000000e+02 2.420347742736339569e-02 -6.592352688312530518e-02 4.270000159740447998e-01
3.390000000000000000e+02 3.370000000000000000e+02 1.066565513610839844e-02 -6.110595911741256714e-02 4.180000126361846924e-01
3.140000000000000000e+02 3.560000000000000000e+02 -0.000000000000000000e+00 -0.000000000000000000e+00 0.000000000000000000e+00
3.550000000000000000e+02 3.700000000000000000e+02 2.246451564133167267e-02 -8.693629503250122070e-02 4.340000152587890625e-01
3.610000000000000000e+02 3.710000000000000000e+02 2.692080289125442505e-02 -8.825401216745376587e-02 4.370000064373016357e-01
3.460000000000000000e+02 3.650000000000000000e+02 1.583530940115451813e-02 -8.222432434558868408e-02 4.280000329017639160e-01
3.010000000000000000e+02 3.790000000000000000e+02 -1.719375886023044586e-02 -1.004405319690704346e-01 4.670000076293945312e-01
3.310000000000000000e+02 3.940000000000000000e+02 5.787577945739030838e-03 -1.119303330779075623e-01 4.670000076293945312e-01
3.500000000000000000e+02 4.020000000000000000e+02 1.942766830325126648e-02 -1.127494052052497864e-01 4.460000097751617432e-01
3.570000000000000000e+02 4.070000000000000000e+02 2.438372373580932617e-02 -1.156241074204444885e-01 4.430000185966491699e-01
