8.300000000000000000e+01 1.150000000000000000e+02 -2.121949046850204468e-01 1.172540113329887390e-01 5.380000472068786621e-01
1.020000000000000000e+02 7.000000000000000000e+01 -1.921579837799072266e-01 1.543381512165069580e-01 5.290000438690185547e-01
1.330000000000000000e+02 4.100000000000000000e+01 -1.690066009759902954e-01 1.835727393627166748e-01 5.410000085830688477e-01
1.590000000000000000e+02 2.200000000000000000e+01 -1.486308723688125610e-01 2.041375041007995605e-01 5.509999990463256836e-01
1.740000000000000000e+02 3.000000000000000000e+00 -1.367893666028976440e-01 2.241206169128417969e-01 5.580000281333923340e-01
1.840000000000000000e+02 7.400000000000000000e+01 -1.292373687028884888e-01 1.611343920230865479e-01 5.649999976158142090e-01
2.170000000000000000e+02 6.700000000000000000e+01 -9.830377995967864990e-02 1.670281440019607544e-01 5.630000233650207520e-01
2.360000000000000000e+02 6.500000000000000000e+01 -7.975284755229949951e-02 1.667753607034683228e-01 5.560000538825988770e-01
2.540000000000000000e+02 6.400000000000000000e+01 -6.276662647724151611e-02 1.661793440580368042e-01 5.509999990463256836e-01
1.890000000000000000e+02 9.700000000000000000e+01 -1.261471360921859741e-01 1.415518969297409058e-01 5.720000267028808594e-01
2.270000000000000000e+02 9.300000000000000000e+01 -9.001781791448593140e-02 1.445426642894744873e-01 5.690000057220458984e-01
2.500000000000000000e+02 9.100000000000000000e+01 -6.722529977560043335e-02 1.435788422822952271e-01 5.580000281333923340e-01
2.670000000000000000e+02 8.800000000000000000e+01 -5.110938102006912231e-02 1.447511911392211914e-01 5.520000457763671875e-01
1.880000000000000000e+02 1.170000000000000000e+02 -1.275297552347183228e-01 1.232170164585113525e-01 5.740000009536743164e-01
2.230000000000000000e+02 1.170000000000000000e+02 -9.424556046724319458e-02 1.227876916527748108e-01 5.720000267028808594e-01
2.450000000000000000e+02 1.150000000000000000e+02 -7.257394492626190186e-02 1.229205504059791565e-01 5.640000104904174805e-01
2.630000000000000000e+02 1.120000000000000000e+02 -5.552447959780693054e-02 1.248043626546859741e-01 5.600000023841857910e-01
1.800000000000000000e+02 1.390000000000000000e+02 -1.350622624158859253e-01 1.025042012333869934e-01 5.740000009536743164e-01
2.090000000000000000e+02 1.410000000000000000e+02 -1.079446896910667419e-01 1.007965356111526489e-01 5.750000476837158203e-01
2.270000000000000000e+02 1.390000000000000000e+02 -9.065063297748565674e-02 1.023256257176399231e-01 5.730000138282775879e-01
2.440000000000000000e+02 1.380000000000000000e+02 -1.252351701259613037e-01 1.731904447078704834e-01 9.610000252723693848e-01
