8.200000000000000000e+01 1.120000000000000000e+02 -2.130774110555648804e-01 1.199013441801071167e-01 5.380000472068786621e-01
1.020000000000000000e+02 6.700000000000000000e+01 -1.925212293863296509e-01 1.572378724813461304e-01 5.300000309944152832e-01
1.330000000000000000e+02 3.800000000000000000e+01 -1.690066009759902954e-01 1.862348318099975586e-01 5.410000085830688477e-01
1.580000000000000000e+02 1.800000000000000000e+01 -1.498060971498489380e-01 2.081296294927597046e-01 5.520000457763671875e-01
1.730000000000000000e+02 0.000000000000000000e+00 -1.374579071998596191e-01 2.264598011970520020e-01 5.570000410079956055e-01
1.840000000000000000e+02 7.100000000000000000e+01 -1.296948492527008057e-01 1.644948124885559082e-01 5.670000314712524414e-01
2.180000000000000000e+02 6.400000000000000000e+01 -9.772619605064392090e-02 1.704016774892807007e-01 5.649999976158142090e-01
2.360000000000000000e+02 6.200000000000000000e+01 -7.975284755229949951e-02 1.695112735033035278e-01 5.560000538825988770e-01
2.540000000000000000e+02 6.100000000000000000e+01 -6.276662647724151611e-02 1.688906401395797729e-01 5.509999990463256836e-01
1.890000000000000000e+02 9.400000000000000000e+01 -1.263676583766937256e-01 1.446189284324645996e-01 5.730000138282775879e-01
2.280000000000000000e+02 8.900000000000000000e+01 -8.892789483070373535e-02 1.480152308940887451e-01 5.680000185966491699e-01
2.500000000000000000e+02 8.800000000000000000e+01 -6.722529977560043335e-02 1.463245749473571777e-01 5.580000281333923340e-01
2.670000000000000000e+02 8.500000000000000000e+01 -5.147974193096160889e-02 1.485360264778137207e-01 5.560000538825988770e-01
1.880000000000000000e+02 1.140000000000000000e+02 -1.273075789213180542e-01 1.258219033479690552e-01 5.730000138282775879e-01
2.240000000000000000e+02 1.120000000000000000e+02 -9.347040206193923950e-02 1.277016103267669678e-01 5.730000138282775879e-01
2.440000000000000000e+02 1.100000000000000000e+02 -7.362941652536392212e-02 1.277721375226974487e-01 5.649999976158142090e-01
2.620000000000000000e+02 1.070000000000000000e+02 -5.644307658076286316e-02 1.293969899415969849e-01 5.600000023841857910e-01
1.810000000000000000e+02 1.370000000000000000e+02 -1.341207027435302734e-01 1.043871864676475525e-01 5.740000009536743164e-01
2.110000000000000000e+02 1.380000000000000000e+02 -1.058738306164741516e-01 1.034456938505172729e-01 5.740000009536743164e-01
2.280000000000000000e+02 1.350000000000000000e+02 -8.955415338277816772e-02 1.058999001979827881e-01 5.720000267028808594e-01
2.440000000000000000e+02 1.330000000000000000e+02 -7.454164326190948486e-02 1.077763214707374573e-01 5.720000267028808594e-01
