6.000000000000000000e+01 3.400000000000000000e+02 -1.858212202787399292e-01 -6.497608870267868042e-02 4.300000071525573730e-01
8.900000000000000000e+01 2.900000000000000000e+02 -1.657506227493286133e-01 -2.978027053177356720e-02 4.310000240802764893e-01
1.380000000000000000e+02 2.640000000000000000e+02 -1.368877142667770386e-01 -1.190241519361734390e-02 4.500000178813934326e-01
1.790000000000000000e+02 2.530000000000000000e+02 -1.113620251417160034e-01 -3.951429855078458786e-03 4.700000286102294922e-01
2.030000000000000000e+02 2.370000000000000000e+02 -1.888788342475891113e-01 1.705155894160270691e-02 9.560000300407409668e-01
1.740000000000000000e+02 2.900000000000000000e+02 -1.105591505765914917e-01 -3.116218745708465576e-02 4.510000348091125488e-01
2.120000000000000000e+02 2.910000000000000000e+02 -8.116712421178817749e-02 -3.140677884221076965e-02 4.440000355243682861e-01
1.870000000000000000e+02 2.970000000000000000e+02 -9.803212434053421021e-02 -3.529288247227668762e-02 4.380000233650207520e-01
1.630000000000000000e+02 2.970000000000000000e+02 -1.173809990286827087e-01 -3.593749925494194031e-02 4.460000097751617432e-01
1.770000000000000000e+02 3.200000000000000000e+02 -1.044962108135223389e-01 -5.146163702011108398e-02 4.350000321865081787e-01
2.210000000000000000e+02 3.200000000000000000e+02 -7.427618652582168579e-02 -5.228975415229797363e-02 4.420000314712524414e-01
1.860000000000000000e+02 3.230000000000000000e+02 -9.807423502206802368e-02 -5.360213667154312134e-02 4.350000321865081787e-01
1.620000000000000000e+02 3.200000000000000000e+02 -1.167884692549705505e-01 -5.217145010828971863e-02 4.410000145435333252e-01
1.760000000000000000e+02 3.470000000000000000e+02 -1.059353426098823547e-01 -7.121388614177703857e-02 4.380000233650207520e-01
2.210000000000000000e+02 3.500000000000000000e+02 -7.461227476596832275e-02 -7.437420636415481567e-02 4.440000355243682861e-01
1.960000000000000000e+02 3.510000000000000000e+02 -9.177491813898086548e-02 -7.425671815872192383e-02 4.390000104904174805e-01
1.690000000000000000e+02 3.480000000000000000e+02 -1.114713549613952637e-01 -7.226076722145080566e-02 4.400000274181365967e-01
1.680000000000000000e+02 3.740000000000000000e+02 -1.160178706049919128e-01 -9.412810206413269043e-02 4.550000131130218506e-01
2.050000000000000000e+02 3.810000000000000000e+02 -8.568246662616729736e-02 -9.629524499177932739e-02 4.410000145435333252e-01
2.090000000000000000e+02 3.820000000000000000e+02 -8.297660946846008301e-02 -9.723858535289764404e-02 4.420000314712524414e-01
2.030000000000000000e+02 3.800000000000000000e+02 -8.693168312311172485e-02 -9.535518288612365723e-02 4.400000274181365967e-01
