2.060000000000000000e+02 3.360000000000000000e+02 -8.553702384233474731e-02 -6.417854875326156616e-02 4.440000355243682861e-01
2.370000000000000000e+02 2.940000000000000000e+02 -6.281740963459014893e-02 -3.351590409874916077e-02 4.430000185966491699e-01
2.790000000000000000e+02 2.690000000000000000e+02 -3.280735015869140625e-02 -1.559293083846569061e-02 4.500000178813934326e-01
3.180000000000000000e+02 2.570000000000000000e+02 -4.135275725275278091e-03 -6.930282339453697205e-03 4.630000293254852295e-01
3.450000000000000000e+02 2.440000000000000000e+02 1.654756069183349609e-02 2.974027534946799278e-03 4.680000245571136475e-01
3.210000000000000000e+02 3.060000000000000000e+02 -1.896930160000920296e-03 -4.509554430842399597e-02 4.730000197887420654e-01
3.600000000000000000e+02 3.110000000000000000e+02 2.602408081293106079e-02 -4.493660107254981995e-02 4.340000152587890625e-01
3.650000000000000000e+02 3.140000000000000000e+02 2.965181134641170502e-02 -4.718064144253730774e-02 4.350000321865081787e-01
3.550000000000000000e+02 3.120000000000000000e+02 2.246451564133167267e-02 -4.564845934510231018e-02 4.340000152587890625e-01
3.180000000000000000e+02 3.330000000000000000e+02 -4.206727258861064911e-03 -6.576365232467651367e-02 4.710000157356262207e-01
3.610000000000000000e+02 3.410000000000000000e+02 2.636637166142463684e-02 -6.537589430809020996e-02 4.280000329017639160e-01
3.630000000000000000e+02 3.410000000000000000e+02 2.777051366865634918e-02 -6.537589430809020996e-02 4.280000329017639160e-01
3.490000000000000000e+02 3.340000000000000000e+02 1.798344217240810394e-02 -6.060303375124931335e-02 4.290000200271606445e-01
3.130000000000000000e+02 3.560000000000000000e+02 -8.086890913546085358e-03 -8.370959758758544922e-02 4.720000326633453369e-01
3.490000000000000000e+02 3.690000000000000000e+02 1.789960265159606934e-02 -8.483371883630752563e-02 4.270000159740447998e-01
3.610000000000000000e+02 3.700000000000000000e+02 2.667438983917236328e-02 -8.673597872257232666e-02 4.330000281333923340e-01
3.510000000000000000e+02 3.650000000000000000e+02 1.939086429774761200e-02 -8.241643756628036499e-02 4.290000200271606445e-01
3.000000000000000000e+02 3.800000000000000000e+02 -1.815209351480007172e-02 -1.022901087999343872e-01 4.720000326633453369e-01
3.300000000000000000e+02 3.920000000000000000e+02 5.064544267952442169e-03 -1.113439649343490601e-01 4.710000157356262207e-01
3.490000000000000000e+02 4.010000000000000000e+02 1.890567131340503693e-02 -1.132736802101135254e-01 4.510000348091125488e-01
3.560000000000000000e+02 4.060000000000000000e+02 2.397745847702026367e-02 -1.164536550641059875e-01 4.490000307559967041e-01
