2.010000000000000000e+02 3.280000000000000000e+02 -9.359736740589141846e-02 -6.124379113316535950e-02 4.660000205039978027e-01
2.290000000000000000e+02 2.860000000000000000e+02 -7.157435268163681030e-02 -2.889109589159488678e-02 4.620000123977661133e-01
2.660000000000000000e+02 2.570000000000000000e+02 -4.466493055224418640e-02 -7.094932720065116882e-03 4.740000367164611816e-01
2.980000000000000000e+02 2.400000000000000000e+02 -2.032666467130184174e-02 6.289933342486619949e-03 4.870000183582305908e-01
3.230000000000000000e+02 2.250000000000000000e+02 -3.568323736544698477e-04 1.834684051573276520e-02 4.890000224113464355e-01
3.140000000000000000e+02 2.920000000000000000e+02 -7.684473879635334015e-03 -3.589859977364540100e-02 4.960000216960906982e-01
3.520000000000000000e+02 2.970000000000000000e+02 2.070350199937820435e-02 -3.561519086360931396e-02 4.420000314712524414e-01
3.600000000000000000e+02 3.020000000000000000e+02 2.674364112317562103e-02 -3.959520906209945679e-02 4.460000097751617432e-01
3.560000000000000000e+02 3.050000000000000000e+02 2.403086051344871521e-02 -4.216463118791580200e-02 4.500000178813934326e-01
3.130000000000000000e+02 3.170000000000000000e+02 -8.463821373879909515e-03 -5.601067095994949341e-02 4.940000176429748535e-01
3.560000000000000000e+02 3.250000000000000000e+02 0.000000000000000000e+00 -0.000000000000000000e+00 0.000000000000000000e+00
3.620000000000000000e+02 3.260000000000000000e+02 2.864954248070716858e-02 -5.804922431707382202e-02 4.530000090599060059e-01
3.540000000000000000e+02 3.210000000000000000e+02 2.340660244226455688e-02 -5.601330474019050598e-02 4.670000076293945312e-01
3.090000000000000000e+02 3.400000000000000000e+02 -1.170515827834606171e-02 -7.464694976806640625e-02 4.940000176429748535e-01
3.470000000000000000e+02 3.490000000000000000e+02 1.742607168853282928e-02 -7.480703294277191162e-02 4.510000348091125488e-01
3.610000000000000000e+02 3.480000000000000000e+02 2.778325602412223816e-02 -7.406728714704513550e-02 4.510000348091125488e-01
3.550000000000000000e+02 3.400000000000000000e+02 2.329270169138908386e-02 -6.799823045730590820e-02 4.500000178813934326e-01
2.990000000000000000e+02 3.620000000000000000e+02 -1.956791058182716370e-02 -9.134980291128158569e-02 4.880000352859497070e-01
3.310000000000000000e+02 3.690000000000000000e+02 5.552108865231275558e-03 -8.900586515665054321e-02 4.480000138282775879e-01
3.450000000000000000e+02 3.700000000000000000e+02 1.587575860321521759e-02 -8.994100242853164673e-02 4.490000307559967041e-01
3.470000000000000000e+02 3.670000000000000000e+02 1.738743297755718231e-02 -8.792701363563537598e-02 4.500000178813934326e-01
