5.600000000000000000e+01 3.630000000000000000e+02 -1.868878304958343506e-01 -8.044262230396270752e-02 4.260000288486480713e-01
8.200000000000000000e+01 3.100000000000000000e+02 -1.695113927125930786e-01 -4.361334070563316345e-02 4.280000329017639160e-01
1.290000000000000000e+02 2.810000000000000000e+02 -1.428932249546051025e-01 -2.434149757027626038e-02 4.480000138282775879e-01
1.690000000000000000e+02 2.660000000000000000e+02 -1.185649856925010681e-01 -1.391376648098230362e-02 4.680000245571136475e-01
1.920000000000000000e+02 2.480000000000000000e+02 -1.039268523454666138e-01 -9.936662536347284913e-05 4.820000231266021729e-01
1.660000000000000000e+02 3.130000000000000000e+02 -1.120870336890220642e-01 -4.636031761765480042e-02 4.340000152587890625e-01
2.060000000000000000e+02 3.100000000000000000e+02 -8.457376807928085327e-02 -4.473424330353736877e-02 4.390000104904174805e-01
1.840000000000000000e+02 3.160000000000000000e+02 -9.858638048171997070e-02 -4.816067218780517578e-02 4.310000240802764893e-01
1.590000000000000000e+02 3.180000000000000000e+02 -1.173401698470115662e-01 -5.003463849425315857e-02 4.350000321865081787e-01
1.710000000000000000e+02 3.430000000000000000e+02 -1.070270910859107971e-01 -6.677993386983871460e-02 4.280000329017639160e-01
2.110000000000000000e+02 3.400000000000000000e+02 -8.115764707326889038e-02 -6.648716330528259277e-02 4.400000274181365967e-01
1.750000000000000000e+02 3.430000000000000000e+02 -1.044623106718063354e-01 -6.693595647811889648e-02 4.290000200271606445e-01
1.490000000000000000e+02 3.420000000000000000e+02 -1.253341585397720337e-01 -6.762178987264633179e-02 4.380000233650207520e-01
1.720000000000000000e+02 3.690000000000000000e+02 -1.073187068104743958e-01 -8.582708239555358887e-02 4.320000112056732178e-01
2.140000000000000000e+02 3.700000000000000000e+02 -8.006954193115234375e-02 -8.934006094932556152e-02 4.460000097751617432e-01
1.850000000000000000e+02 3.690000000000000000e+02 -9.833358973264694214e-02 -8.602575957775115967e-02 4.330000281333923340e-01
1.540000000000000000e+02 3.680000000000000000e+02 -1.220197305083274841e-01 -8.649774640798568726e-02 4.390000104904174805e-01
1.680000000000000000e+02 3.950000000000000000e+02 -1.157628893852233887e-01 -1.095591709017753601e-01 4.540000259876251221e-01
2.030000000000000000e+02 3.990000000000000000e+02 -8.653653413057327271e-02 -1.085717380046844482e-01 4.380000233650207520e-01
2.070000000000000000e+02 4.020000000000000000e+02 -8.404466509819030762e-02 -1.112326011061668396e-01 4.400000274181365967e-01
2.000000000000000000e+02 4.040000000000000000e+02 -8.869196474552154541e-02 -1.121638417243957520e-01 4.380000233650207520e-01
