2.020000000000000000e+02 3.300000000000000000e+02 -9.104005247354507446e-02 -6.156013533473014832e-02 4.570000171661376953e-01
2.310000000000000000e+02 2.870000000000000000e+02 -6.914881616830825806e-02 -2.926383353769779205e-02 4.560000300407409668e-01
2.700000000000000000e+02 2.590000000000000000e+02 -4.067813605070114136e-02 -8.467381820082664490e-03 4.640000164508819580e-01
3.080000000000000000e+02 2.440000000000000000e+02 -1.198345795273780823e-02 3.005801234394311905e-03 4.730000197887420654e-01
3.330000000000000000e+02 2.290000000000000000e+02 0.000000000000000000e+00 0.000000000000000000e+00 0.000000000000000000e+00
3.170000000000000000e+02 2.940000000000000000e+02 -5.159054882824420929e-03 -3.692045807838439941e-02 4.880000352859497070e-01
3.550000000000000000e+02 2.990000000000000000e+02 2.287860959768295288e-02 -3.706515580415725708e-02 4.420000314712524414e-01
3.640000000000000000e+02 3.030000000000000000e+02 2.933740615844726562e-02 -3.987465798854827881e-02 4.410000145435333252e-01
3.620000000000000000e+02 3.050000000000000000e+02 2.801710367202758789e-02 -4.150873795151710510e-02 4.430000185966491699e-01
3.170000000000000000e+02 3.200000000000000000e+02 -0.000000000000000000e+00 -0.000000000000000000e+00 0.000000000000000000e+00
3.590000000000000000e+02 3.260000000000000000e+02 2.583707496523857117e-02 -5.676778778433799744e-02 4.430000185966491699e-01
3.630000000000000000e+02 3.280000000000000000e+02 2.887354791164398193e-02 -5.848388001322746277e-02 4.450000226497650146e-01
3.530000000000000000e+02 3.250000000000000000e+02 2.152550034224987030e-02 -5.616766959428787231e-02 4.440000355243682861e-01
3.130000000000000000e+02 3.420000000000000000e+02 -8.309622295200824738e-03 -7.487800717353820801e-02 4.850000143051147461e-01
3.500000000000000000e+02 3.520000000000000000e+02 1.916630938649177551e-02 -7.514756917953491211e-02 4.400000274181365967e-01
3.620000000000000000e+02 3.520000000000000000e+02 2.795385941863059998e-02 -7.548915594816207886e-02 4.420000314712524414e-01
3.510000000000000000e+02 3.450000000000000000e+02 1.993326470255851746e-02 -7.025497406721115112e-02 4.410000145435333252e-01
3.020000000000000000e+02 3.660000000000000000e+02 -1.695537194609642029e-02 -9.338901191949844360e-02 4.820000231266021729e-01
3.350000000000000000e+02 3.740000000000000000e+02 0.000000000000000000e+00 -0.000000000000000000e+00 0.000000000000000000e+00
3.470000000000000000e+02 3.740000000000000000e+02 1.711696200072765350e-02 -9.164560586214065552e-02 4.430000185966491699e-01
3.440000000000000000e+02 3.700000000000000000e+02 1.490321569144725800e-02 -8.853881061077117920e-02 4.420000314712524414e-01
