1.000000000000000000e+02 1.860000000000000000e+02 -1.953596025705337524e-01 5.409311875700950623e-02 5.330000519752502441e-01
1.190000000000000000e+02 1.450000000000000000e+02 -1.774062961339950562e-01 8.926208317279815674e-02 5.290000438690185547e-01
1.510000000000000000e+02 1.160000000000000000e+02 -1.541643291711807251e-01 1.178856864571571350e-01 5.450000166893005371e-01
1.790000000000000000e+02 1.000000000000000000e+02 -1.312650144100189209e-01 1.343714147806167603e-01 5.540000200271606445e-01
1.960000000000000000e+02 8.200000000000000000e+01 -0.000000000000000000e+00 0.000000000000000000e+00 0.000000000000000000e+00
2.010000000000000000e+02 1.490000000000000000e+02 -1.134817823767662048e-01 9.162970632314682007e-02 5.649999976158142090e-01
2.360000000000000000e+02 1.440000000000000000e+02 -0.000000000000000000e+00 0.000000000000000000e+00 0.000000000000000000e+00
2.550000000000000000e+02 1.440000000000000000e+02 -6.253644078969955444e-02 9.490033984184265137e-02 5.570000410079956055e-01
2.730000000000000000e+02 1.450000000000000000e+02 -4.559377953410148621e-02 9.297429770231246948e-02 5.509999990463256836e-01
2.070000000000000000e+02 1.710000000000000000e+02 -1.083030104637145996e-01 7.149384915828704834e-02 5.670000314712524414e-01
2.450000000000000000e+02 1.690000000000000000e+02 -7.244526594877243042e-02 7.283638417720794678e-02 5.630000233650207520e-01
2.670000000000000000e+02 1.690000000000000000e+02 -5.147974193096160889e-02 7.193078100681304932e-02 5.560000538825988770e-01
2.850000000000000000e+02 1.690000000000000000e+02 -3.474777191877365112e-02 7.128391414880752563e-02 5.509999990463256836e-01
2.040000000000000000e+02 1.920000000000000000e+02 -1.110932454466819763e-01 5.196364969015121460e-02 5.670000314712524414e-01
2.400000000000000000e+02 1.920000000000000000e+02 -7.815789431333541870e-02 5.233023688197135925e-02 5.710000395774841309e-01
2.600000000000000000e+02 1.910000000000000000e+02 -5.859249085187911987e-02 5.252050980925559998e-02 5.630000233650207520e-01
2.770000000000000000e+02 1.910000000000000000e+02 -4.235937818884849548e-02 5.186750739812850952e-02 5.560000538825988770e-01
1.950000000000000000e+02 2.130000000000000000e+02 -1.198853552341461182e-01 3.254785016179084778e-02 5.690000057220458984e-01
2.240000000000000000e+02 2.160000000000000000e+02 -9.330727905035018921e-02 2.990482188761234283e-02 5.720000267028808594e-01
2.410000000000000000e+02 2.160000000000000000e+02 -7.681553810834884644e-02 2.969569712877273560e-02 5.680000185966491699e-01
2.570000000000000000e+02 2.160000000000000000e+02 -6.158103048801422119e-02 2.953885309398174286e-02 5.649999976158142090e-01
