8.900000000000000000e+01 3.140000000000000000e+02 -1.672889143228530884e-01 -4.718064144253730774e-02 4.350000321865081787e-01
1.200000000000000000e+02 2.640000000000000000e+02 -1.458361893892288208e-01 -1.155856717377901077e-02 4.370000064373016357e-01
1.640000000000000000e+02 2.400000000000000000e+02 -1.187417730689048767e-01 5.863716360181570053e-03 4.540000259876251221e-01
2.020000000000000000e+02 2.310000000000000000e+02 -9.462587535381317139e-02 1.314692199230194092e-02 4.750000238418579102e-01
2.250000000000000000e+02 2.180000000000000000e+02 -7.848134636878967285e-02 2.381434291601181030e-02 4.860000312328338623e-01
2.030000000000000000e+02 2.660000000000000000e+02 -8.851225674152374268e-02 -1.331916078925132751e-02 4.480000138282775879e-01
2.400000000000000000e+02 2.660000000000000000e+02 -6.159553676843643188e-02 -1.337862107902765274e-02 4.500000178813934326e-01
2.130000000000000000e+02 2.720000000000000000e+02 -8.025763928890228271e-02 -1.753023639321327209e-02 4.430000185966491699e-01
1.890000000000000000e+02 2.720000000000000000e+02 -9.880054742097854614e-02 -1.772809401154518127e-02 4.480000138282775879e-01
2.060000000000000000e+02 2.960000000000000000e+02 -8.476641774177551270e-02 -3.473233431577682495e-02 4.400000274181365967e-01
2.450000000000000000e+02 2.950000000000000000e+02 -5.777606740593910217e-02 -3.470630943775177002e-02 4.490000307559967041e-01
2.070000000000000000e+02 2.970000000000000000e+02 -8.404466509819030762e-02 -3.545403853058815002e-02 4.400000274181365967e-01
1.840000000000000000e+02 2.940000000000000000e+02 -1.024749353528022766e-01 -3.389418870210647583e-02 4.480000138282775879e-01
2.040000000000000000e+02 3.230000000000000000e+02 -8.679772168397903442e-02 -5.458792299032211304e-02 4.430000185966491699e-01
2.440000000000000000e+02 3.250000000000000000e+02 -5.903385207056999207e-02 -5.730620026588439941e-02 4.530000090599060059e-01
2.140000000000000000e+02 3.240000000000000000e+02 -7.953096181154251099e-02 -5.531454086303710938e-02 4.430000185966491699e-01
1.880000000000000000e+02 3.220000000000000000e+02 -9.975760430097579956e-02 -5.459079891443252563e-02 4.490000307559967041e-01
1.960000000000000000e+02 3.490000000000000000e+02 -9.637411683797836304e-02 -7.646571844816207886e-02 4.610000252723693848e-01
2.290000000000000000e+02 3.580000000000000000e+02 -6.909558922052383423e-02 -8.056155592203140259e-02 4.460000097751617432e-01
2.290000000000000000e+02 3.560000000000000000e+02 -6.909558922052383423e-02 -7.909847050905227661e-02 4.460000097751617432e-01
2.260000000000000000e+02 3.520000000000000000e+02 -7.113053649663925171e-02 -7.600152492523193359e-02 4.450000226497650146e-01
