1.000000000000000000e+02 1.780000000000000000e+02 -1.946265399456024170e-01 6.085782870650291443e-02 5.310000181198120117e-01
1.170000000000000000e+02 1.380000000000000000e+02 -1.798190623521804810e-01 9.569627791643142700e-02 5.310000181198120117e-01
1.480000000000000000e+02 1.100000000000000000e+02 -1.556951403617858887e-01 1.223446577787399292e-01 5.410000085830688477e-01
1.750000000000000000e+02 9.300000000000000000e+01 -1.346565485000610352e-01 1.404781937599182129e-01 5.530000329017639160e-01
1.910000000000000000e+02 7.600000000000000000e+01 -2.122593522071838379e-01 2.754291892051696777e-01 9.770000576972961426e-01
1.990000000000000000e+02 1.410000000000000000e+02 -0.000000000000000000e+00 0.000000000000000000e+00 0.000000000000000000e+00
2.340000000000000000e+02 1.360000000000000000e+02 -0.000000000000000000e+00 0.000000000000000000e+00 0.000000000000000000e+00
2.530000000000000000e+02 1.360000000000000000e+02 -0.000000000000000000e+00 0.000000000000000000e+00 0.000000000000000000e+00
2.700000000000000000e+02 1.360000000000000000e+02 -8.381099253892898560e-02 1.754254698753356934e-01 9.560000300407409668e-01
2.050000000000000000e+02 1.640000000000000000e+02 -1.099688783288002014e-01 7.786635309457778931e-02 5.660000443458557129e-01
2.420000000000000000e+02 1.620000000000000000e+02 -7.601740956306457520e-02 8.014564216136932373e-02 5.690000057220458984e-01
2.640000000000000000e+02 1.620000000000000000e+02 -5.402082577347755432e-02 7.803283631801605225e-02 5.540000200271606445e-01
2.820000000000000000e+02 1.620000000000000000e+02 -0.000000000000000000e+00 0.000000000000000000e+00 0.000000000000000000e+00
2.020000000000000000e+02 1.840000000000000000e+02 -1.131526231765747070e-01 5.950849130749702454e-02 5.680000185966491699e-01
2.370000000000000000e+02 1.850000000000000000e+02 -8.068420737981796265e-02 5.867996811866760254e-02 5.690000057220458984e-01
2.570000000000000000e+02 1.840000000000000000e+02 -6.147203594446182251e-02 5.908941850066184998e-02 5.640000104904174805e-01
2.740000000000000000e+02 1.840000000000000000e+02 -4.525769874453544617e-02 5.846080929040908813e-02 5.580000281333923340e-01
1.920000000000000000e+02 2.050000000000000000e+02 -1.224698200821876526e-01 3.994384407997131348e-02 5.680000185966491699e-01
2.210000000000000000e+02 2.080000000000000000e+02 -9.645820409059524536e-02 3.754131495952606201e-02 5.740000009536743164e-01
2.380000000000000000e+02 2.080000000000000000e+02 -7.961069047451019287e-02 3.714889660477638245e-02 5.680000185966491699e-01
2.550000000000000000e+02 2.080000000000000000e+02 -6.287325918674468994e-02 3.662567213177680969e-02 5.600000023841857910e-01
