1.580000000000000000e+02 3.120000000000000000e+02 -1.166967749595642090e-01 -4.522773623466491699e-02 4.300000071525573730e-01
1.900000000000000000e+02 2.670000000000000000e+02 -9.390664100646972656e-02 -1.345794461667537689e-02 4.290000200271606445e-01
2.320000000000000000e+02 2.430000000000000000e+02 -6.690079718828201294e-02 3.565764753147959709e-03 4.460000097751617432e-01
2.680000000000000000e+02 2.310000000000000000e+02 -4.256417974829673767e-02 1.295317802578210831e-02 4.680000245571136475e-01
2.890000000000000000e+02 2.170000000000000000e+02 -5.401562526822090149e-02 4.841272905468940735e-02 9.560000300407409668e-01
2.690000000000000000e+02 2.680000000000000000e+02 -3.893861547112464905e-02 -1.439267676323652267e-02 4.360000193119049072e-01
3.020000000000000000e+02 2.660000000000000000e+02 -1.554828789085149765e-02 -1.314077898859977722e-02 4.420000314712524414e-01
2.790000000000000000e+02 2.710000000000000000e+02 -3.156796097755432129e-02 -1.642430201172828674e-02 4.330000281333923340e-01
2.560000000000000000e+02 2.700000000000000000e+02 -4.845739901065826416e-02 -1.589553803205490112e-02 4.380000233650207520e-01
2.730000000000000000e+02 2.960000000000000000e+02 -3.566410392522811890e-02 -3.402189910411834717e-02 4.310000240802764893e-01
3.100000000000000000e+02 2.940000000000000000e+02 -9.725946933031082153e-03 -3.336459025740623474e-02 4.410000145435333252e-01
2.770000000000000000e+02 2.960000000000000000e+02 -3.283613547682762146e-02 -3.402189910411834717e-02 4.310000240802764893e-01
2.550000000000000000e+02 2.930000000000000000e+02 -4.928814619779586792e-02 -3.249321505427360535e-02 4.390000104904174805e-01
2.710000000000000000e+02 3.230000000000000000e+02 -3.742219880223274231e-02 -5.360213667154312134e-02 4.350000321865081787e-01
3.110000000000000000e+02 3.250000000000000000e+02 -9.104620665311813354e-03 -5.642067268490791321e-02 4.460000097751617432e-01
2.890000000000000000e+02 3.260000000000000000e+02 -2.469124272465705872e-02 -5.599892139434814453e-02 4.370000064373016357e-01
2.670000000000000000e+02 3.220000000000000000e+02 -4.027641564607620239e-02 -5.288863927125930786e-02 4.350000321865081787e-01
2.610000000000000000e+02 3.490000000000000000e+02 -4.660636186599731445e-02 -7.547050714492797852e-02 4.550000131130218506e-01
2.900000000000000000e+02 3.570000000000000000e+02 -2.413899265229701996e-02 -7.875607162714004517e-02 4.400000274181365967e-01
2.970000000000000000e+02 3.600000000000000000e+02 -1.891319267451763153e-02 -8.018553256988525391e-02 4.360000193119049072e-01
3.000000000000000000e+02 3.580000000000000000e+02 -1.676761172711849213e-02 -7.875524461269378662e-02 4.360000193119049072e-01
