2.000000000000000000e+02 3.230000000000000000e+02 -9.901911020278930664e-02 -6.025619432330131531e-02 4.890000224113464355e-01
2.290000000000000000e+02 2.790000000000000000e+02 -7.529250532388687134e-02 -2.481187693774700165e-02 4.860000312328338623e-01
2.610000000000000000e+02 2.510000000000000000e+02 -5.131822079420089722e-02 -2.568547381088137627e-03 5.010000467300415039e-01
2.860000000000000000e+02 2.330000000000000000e+02 -3.163272142410278320e-02 1.256459672003984451e-02 5.150000452995300293e-01
3.090000000000000000e+02 2.170000000000000000e+02 -1.241599861532449722e-02 2.653585001826286316e-02 5.240000486373901367e-01
3.030000000000000000e+02 2.840000000000000000e+02 -1.750619150698184967e-02 -3.093078732490539551e-02 5.220000147819519043e-01
3.410000000000000000e+02 2.860000000000000000e+02 1.483026333153247833e-02 -3.220544382929801941e-02 5.150000452995300293e-01
3.600000000000000000e+02 2.890000000000000000e+02 0.000000000000000000e+00 -0.000000000000000000e+00 0.000000000000000000e+00
3.770000000000000000e+02 2.930000000000000000e+02 3.812660276889801025e-02 -3.212313354015350342e-02 4.340000152587890625e-01
3.030000000000000000e+02 3.110000000000000000e+02 -1.747265644371509552e-02 -5.394463241100311279e-02 5.210000276565551758e-01
3.450000000000000000e+02 3.140000000000000000e+02 0.000000000000000000e+00 -0.000000000000000000e+00 0.000000000000000000e+00
3.640000000000000000e+02 3.200000000000000000e+02 3.259711712598800659e-02 -5.796827748417854309e-02 4.900000095367431641e-01
3.750000000000000000e+02 3.240000000000000000e+02 3.974724560976028442e-02 -5.868585780262947083e-02 4.700000286102294922e-01
2.990000000000000000e+02 3.330000000000000000e+02 -2.085105329751968384e-02 -7.260530441999435425e-02 5.200000405311584473e-01
3.380000000000000000e+02 3.380000000000000000e+02 1.203328557312488556e-02 -7.450466603040695190e-02 5.040000081062316895e-01
3.590000000000000000e+02 3.410000000000000000e+02 2.904483862221240997e-02 -7.606821507215499878e-02 4.980000257492065430e-01
3.700000000000000000e+02 3.420000000000000000e+02 3.696155175566673279e-02 -7.472362369298934937e-02 4.840000271797180176e-01
2.910000000000000000e+02 3.560000000000000000e+02 -2.730237133800983429e-02 -9.098097681999206543e-02 5.130000114440917969e-01
3.250000000000000000e+02 3.590000000000000000e+02 0.000000000000000000e+00 -0.000000000000000000e+00 0.000000000000000000e+00
3.420000000000000000e+02 3.600000000000000000e+02 0.000000000000000000e+00 -0.000000000000000000e+00 0.000000000000000000e+00
3.520000000000000000e+02 3.610000000000000000e+02 2.332657016813755035e-02 -9.240488708019256592e-02 4.980000257492065430e-01
