1.650000000000000000e+02 3.030000000000000000e+02 -1.341111958026885986e-01 -4.665606468915939331e-02 5.160000324249267578e-01
1.890000000000000000e+02 2.600000000000000000e+02 -1.135765314102172852e-01 -1.024278253316879272e-02 5.150000452995300293e-01
2.220000000000000000e+02 2.340000000000000000e+02 -8.802841603755950928e-02 1.203847769647836685e-02 5.290000438690185547e-01
2.480000000000000000e+02 2.180000000000000000e+02 -6.695207953453063965e-02 2.650937996804714203e-02 5.410000085830688477e-01
2.700000000000000000e+02 2.020000000000000000e+02 -8.416166156530380249e-02 7.223458588123321533e-02 9.600000381469726562e-01
2.660000000000000000e+02 2.680000000000000000e+02 -5.182639136910438538e-02 -1.815589889883995056e-02 5.500000119209289551e-01
3.040000000000000000e+02 2.670000000000000000e+02 -0.000000000000000000e+00 -0.000000000000000000e+00 0.000000000000000000e+00
3.250000000000000000e+02 2.700000000000000000e+02 1.377532607875764370e-03 -1.959723979234695435e-02 5.400000214576721191e-01
3.430000000000000000e+02 2.730000000000000000e+02 1.709721796214580536e-02 -2.196592837572097778e-02 5.330000519752502441e-01
2.680000000000000000e+02 2.930000000000000000e+02 -5.038579925894737244e-02 -4.100510850548744202e-02 5.540000200271606445e-01
3.080000000000000000e+02 2.960000000000000000e+02 -1.398492325097322464e-02 -4.357329383492469788e-02 5.520000457763671875e-01
3.320000000000000000e+02 3.000000000000000000e+02 0.000000000000000000e+00 -0.000000000000000000e+00 0.000000000000000000e+00
3.490000000000000000e+02 3.030000000000000000e+02 1.844455674290657043e-02 -3.978424146771430969e-02 4.400000274181365967e-01
2.630000000000000000e+02 3.140000000000000000e+02 -5.473127961158752441e-02 -5.987060815095901489e-02 5.520000457763671875e-01
3.010000000000000000e+02 3.160000000000000000e+02 -2.024960890412330627e-02 -6.145793199539184570e-02 5.500000119209289551e-01
3.240000000000000000e+02 3.180000000000000000e+02 0.000000000000000000e+00 -0.000000000000000000e+00 0.000000000000000000e+00
3.430000000000000000e+02 3.200000000000000000e+02 0.000000000000000000e+00 -0.000000000000000000e+00 0.000000000000000000e+00
2.540000000000000000e+02 3.350000000000000000e+02 -6.231097877025604248e-02 -7.816961407661437988e-02 5.470000505447387695e-01
2.850000000000000000e+02 3.390000000000000000e+02 -3.462164849042892456e-02 -8.205735683441162109e-02 5.490000247955322266e-01
3.040000000000000000e+02 3.400000000000000000e+02 -1.735164970159530640e-02 -8.220230787992477417e-02 5.440000295639038086e-01
3.210000000000000000e+02 3.420000000000000000e+02 -0.000000000000000000e+00 -0.000000000000000000e+00 0.000000000000000000e+00
