5.900000000000000000e+01 3.570000000000000000e+02 -1.852252334356307983e-01 -7.642918825149536133e-02 4.270000159740447998e-01
8.600000000000000000e+01 3.050000000000000000e+02 -1.678715944290161133e-01 -4.038434848189353943e-02 4.310000240802764893e-01
1.330000000000000000e+02 2.800000000000000000e+02 -1.396413296461105347e-01 -2.355398051440715790e-02 4.470000267028808594e-01
1.740000000000000000e+02 2.690000000000000000e+02 -1.149717047810554504e-01 -1.625129766762256622e-02 4.690000116825103760e-01
1.990000000000000000e+02 2.530000000000000000e+02 -9.798403829336166382e-02 -4.035503137856721878e-03 4.800000190734863281e-01
1.690000000000000000e+02 3.100000000000000000e+02 -1.099512875080108643e-01 -4.422474279999732971e-02 4.340000152587890625e-01
2.070000000000000000e+02 3.090000000000000000e+02 -8.423567563295364380e-02 -4.421470314264297485e-02 4.410000145435333252e-01
1.820000000000000000e+02 3.130000000000000000e+02 -1.006964221596717834e-01 -4.636031761765480042e-02 4.340000152587890625e-01
1.580000000000000000e+02 3.130000000000000000e+02 -1.183251067996025085e-01 -4.657396301627159119e-02 4.360000193119049072e-01
1.730000000000000000e+02 3.410000000000000000e+02 -1.071036383509635925e-01 -6.629237532615661621e-02 4.340000152587890625e-01
2.130000000000000000e+02 3.380000000000000000e+02 -7.989530265331268311e-02 -6.519158184528350830e-02 4.410000145435333252e-01
1.770000000000000000e+02 3.400000000000000000e+02 -1.042559891939163208e-01 -6.558051705360412598e-02 4.340000152587890625e-01
1.510000000000000000e+02 3.390000000000000000e+02 -1.244629472494125366e-01 -6.576546281576156616e-02 4.400000274181365967e-01
1.720000000000000000e+02 3.670000000000000000e+02 -1.080639809370040894e-01 -8.499611169099807739e-02 4.350000321865081787e-01
2.150000000000000000e+02 3.690000000000000000e+02 -7.898217439651489258e-02 -8.821117132902145386e-02 4.440000355243682861e-01
1.890000000000000000e+02 3.680000000000000000e+02 -9.615410864353179932e-02 -8.590664714574813843e-02 4.360000193119049072e-01
1.590000000000000000e+02 3.670000000000000000e+02 -1.178796589374542236e-01 -8.538689464330673218e-02 4.370000064373016357e-01
1.670000000000000000e+02 3.940000000000000000e+02 -1.165076196193695068e-01 -1.088145077228546143e-01 4.540000259876251221e-01
2.010000000000000000e+02 4.000000000000000000e+02 -8.797349035739898682e-02 -1.092901602387428284e-01 4.380000233650207520e-01
2.060000000000000000e+02 4.020000000000000000e+02 -8.476641774177551270e-02 -1.112326011061668396e-01 4.400000274181365967e-01
2.030000000000000000e+02 4.040000000000000000e+02 -8.673410862684249878e-02 -1.124199181795120239e-01 4.390000104904174805e-01
