1.930000000000000000e+02 3.330000000000000000e+02 -9.115357697010040283e-02 -5.948049947619438171e-02 4.260000288486480713e-01
2.270000000000000000e+02 2.910000000000000000e+02 -6.739471107721328735e-02 -3.013353049755096436e-02 4.260000288486480713e-01
2.710000000000000000e+02 2.690000000000000000e+02 -3.811042383313179016e-02 -1.535037346184253693e-02 4.430000185966491699e-01
3.060000000000000000e+02 2.590000000000000000e+02 -1.336353551596403122e-02 -8.522127754986286163e-03 4.670000076293945312e-01
3.270000000000000000e+02 2.450000000000000000e+02 2.781716641038656235e-03 2.248831326141953468e-03 4.770000278949737549e-01
3.080000000000000000e+02 2.940000000000000000e+02 -1.094472222030162811e-02 -3.268368169665336609e-02 4.320000112056732178e-01
3.430000000000000000e+02 2.970000000000000000e+02 1.414610166102647781e-02 -3.553461283445358276e-02 4.410000145435333252e-01
3.210000000000000000e+02 3.010000000000000000e+02 -1.740523730404675007e-03 -3.781800717115402222e-02 4.340000152587890625e-01
2.960000000000000000e+02 2.990000000000000000e+02 -1.958336681127548218e-02 -3.647815063595771790e-02 4.350000321865081787e-01
3.090000000000000000e+02 3.220000000000000000e+02 -1.018870063126087189e-02 -5.228072032332420349e-02 4.300000071525573730e-01
3.480000000000000000e+02 3.250000000000000000e+02 1.768252067267894745e-02 -5.553514882922172546e-02 4.390000104904174805e-01
3.190000000000000000e+02 3.260000000000000000e+02 -3.142476314678788185e-03 -5.523005872964859009e-02 4.310000240802764893e-01
2.940000000000000000e+02 3.230000000000000000e+02 -2.096217311918735504e-02 -5.347891151905059814e-02 4.340000152587890625e-01
3.050000000000000000e+02 3.490000000000000000e+02 -1.310087554156780243e-02 -7.182138413190841675e-02 4.330000281333923340e-01
3.470000000000000000e+02 3.540000000000000000e+02 1.703968271613121033e-02 -7.676503807306289673e-02 4.410000145435333252e-01
3.280000000000000000e+02 3.540000000000000000e+02 3.257811069488525391e-03 -7.589468359947204590e-02 4.360000193119049072e-01
3.040000000000000000e+02 3.500000000000000000e+02 -1.381114777177572250e-02 -7.253160327672958374e-02 4.330000281333923340e-01
2.950000000000000000e+02 3.730000000000000000e+02 -2.109013311564922333e-02 -9.276609867811203003e-02 4.520000219345092773e-01
3.250000000000000000e+02 3.840000000000000000e+02 1.119882916100323200e-03 -9.801871329545974731e-02 4.390000104904174805e-01
3.350000000000000000e+02 3.910000000000000000e+02 8.377893827855587006e-03 -1.037634164094924927e-01 4.420000314712524414e-01
3.400000000000000000e+02 3.950000000000000000e+02 1.222032215446233749e-02 -1.085938885807991028e-01 4.500000178813934326e-01
