1.040000000000000000e+02 2.000000000000000000e+02 -1.915023773908615112e-01 4.177520051598548889e-02 5.320000052452087402e-01
1.240000000000000000e+02 1.580000000000000000e+02 -1.743762046098709106e-01 7.857189327478408813e-02 5.330000519752502441e-01
1.570000000000000000e+02 1.290000000000000000e+02 -1.482543200254440308e-01 1.058747097849845886e-01 5.430000424385070801e-01
1.850000000000000000e+02 1.120000000000000000e+02 -1.255853921175003052e-01 1.232443079352378845e-01 5.530000329017639160e-01
2.020000000000000000e+02 9.500000000000000000e+01 -1.918415129184722900e-01 2.414711266756057739e-01 9.630000591278076172e-01
2.070000000000000000e+02 1.630000000000000000e+02 -1.077299788594245911e-01 7.851628214120864868e-02 5.640000104904174805e-01
2.420000000000000000e+02 1.590000000000000000e+02 -7.521581649780273438e-02 8.207087218761444092e-02 5.630000233650207520e-01
2.610000000000000000e+02 1.590000000000000000e+02 -5.715681612491607666e-02 8.134199678897857666e-02 5.580000281333923340e-01
2.780000000000000000e+02 1.590000000000000000e+02 -7.066921144723892212e-02 1.381939351558685303e-01 9.480000734329223633e-01
2.120000000000000000e+02 1.860000000000000000e+02 -1.042010411620140076e-01 5.784817412495613098e-02 5.700000524520874023e-01
2.510000000000000000e+02 1.840000000000000000e+02 -6.749832630157470703e-02 5.950849130749702454e-02 5.680000185966491699e-01
2.720000000000000000e+02 1.840000000000000000e+02 -4.691956192255020142e-02 5.825127661228179932e-02 5.560000538825988770e-01
2.900000000000000000e+02 1.850000000000000000e+02 -3.017373941838741302e-02 5.672053247690200806e-02 5.500000119209289551e-01
2.090000000000000000e+02 2.050000000000000000e+02 -1.071937680244445801e-01 4.015481844544410706e-02 5.710000395774841309e-01
2.450000000000000000e+02 2.070000000000000000e+02 -7.283130288124084473e-02 3.794646263122558594e-02 5.660000443458557129e-01
2.650000000000000000e+02 2.060000000000000000e+02 -5.359141528606414795e-02 3.839404881000518799e-02 5.590000152587890625e-01
2.820000000000000000e+02 2.070000000000000000e+02 -3.766322880983352661e-02 3.714194148778915405e-02 5.540000200271606445e-01
1.990000000000000000e+02 2.260000000000000000e+02 -1.157436445355415344e-01 2.034332230687141418e-02 5.670000314712524414e-01
2.280000000000000000e+02 2.300000000000000000e+02 -8.892789483070373535e-02 1.665260083973407745e-02 5.680000185966491699e-01
2.450000000000000000e+02 2.300000000000000000e+02 -7.308865338563919067e-02 1.665260083973407745e-02 5.680000185966491699e-01
2.610000000000000000e+02 2.310000000000000000e+02 -0.000000000000000000e+00 0.000000000000000000e+00 0.000000000000000000e+00
