9.400000000000000000e+01 1.600000000000000000e+02 -2.006054371595382690e-01 7.682340592145919800e-02 5.330000519752502441e-01
1.100000000000000000e+02 1.190000000000000000e+02 -1.852160245180130005e-01 1.118217930197715759e-01 5.290000438690185547e-01
1.390000000000000000e+02 8.900000000000000000e+01 -1.633794605731964111e-01 1.407187134027481079e-01 5.400000214576721191e-01
1.660000000000000000e+02 7.000000000000000000e+01 -1.428205817937850952e-01 1.613402515649795532e-01 5.530000329017639160e-01
1.820000000000000000e+02 5.400000000000000000e+01 -1.299308687448501587e-01 1.780789792537689209e-01 5.600000023841857910e-01
1.910000000000000000e+02 1.230000000000000000e+02 -1.223152652382850647e-01 1.153150200843811035e-01 5.630000233650207520e-01
2.250000000000000000e+02 1.170000000000000000e+02 -9.059266746044158936e-02 1.204263940453529358e-01 5.610000491142272949e-01
2.440000000000000000e+02 1.160000000000000000e+02 -0.000000000000000000e+00 0.000000000000000000e+00 0.000000000000000000e+00
2.610000000000000000e+02 1.150000000000000000e+02 -5.654222890734672546e-02 1.203052252531051636e-01 5.520000457763671875e-01
1.970000000000000000e+02 1.460000000000000000e+02 -1.178112253546714783e-01 9.491118788719177246e-02 5.680000185966491699e-01
2.340000000000000000e+02 1.430000000000000000e+02 -8.333757519721984863e-02 9.770613908767700195e-02 5.680000185966491699e-01
2.560000000000000000e+02 1.420000000000000000e+02 -6.195466592907905579e-02 9.724852442741394043e-02 5.600000023841857910e-01
2.730000000000000000e+02 1.420000000000000000e+02 -4.592477157711982727e-02 9.638023376464843750e-02 5.550000071525573730e-01
1.950000000000000000e+02 1.660000000000000000e+02 -1.203067526221275330e-01 7.668107002973556519e-02 5.710000395774841309e-01
2.300000000000000000e+02 1.660000000000000000e+02 -8.752430975437164307e-02 7.668107002973556519e-02 5.710000395774841309e-01
2.500000000000000000e+02 1.650000000000000000e+02 -6.818910688161849976e-02 7.693798094987869263e-02 5.660000443458557129e-01
2.660000000000000000e+02 1.650000000000000000e+02 -5.286292359232902527e-02 7.625831663608551025e-02 5.610000491142272949e-01
1.850000000000000000e+02 1.860000000000000000e+02 -1.289918571710586548e-01 5.764519423246383667e-02 5.680000185966491699e-01
2.140000000000000000e+02 1.890000000000000000e+02 -1.028696149587631226e-01 5.533307790756225586e-02 5.730000138282775879e-01
2.310000000000000000e+02 1.890000000000000000e+02 -8.673930168151855469e-02 5.523651093244552612e-02 5.720000267028808594e-01
2.470000000000000000e+02 1.890000000000000000e+02 -7.109981030225753784e-02 5.475367605686187744e-02 5.670000314712524414e-01
