1.500000000000000000e+02 2.950000000000000000e+02 -1.473765373229980469e-01 -4.003979265689849854e-02 5.180000066757202148e-01
1.720000000000000000e+02 2.550000000000000000e+02 -1.281862407922744751e-01 -6.030881777405738831e-03 5.160000324249267578e-01
2.050000000000000000e+02 2.280000000000000000e+02 -1.027801036834716797e-01 1.724456436932086945e-02 5.290000438690185547e-01
2.330000000000000000e+02 2.120000000000000000e+02 -8.056025952100753784e-02 3.195124492049217224e-02 5.430000424385070801e-01
2.530000000000000000e+02 1.970000000000000000e+02 -0.000000000000000000e+00 0.000000000000000000e+00 0.000000000000000000e+00
2.530000000000000000e+02 2.610000000000000000e+02 -6.390158087015151978e-02 -1.190560683608055115e-02 5.530000329017639160e-01
2.890000000000000000e+02 2.600000000000000000e+02 -0.000000000000000000e+00 -0.000000000000000000e+00 0.000000000000000000e+00
3.080000000000000000e+02 2.620000000000000000e+02 -1.383291278034448624e-02 -1.265046745538711548e-02 5.460000038146972656e-01
3.260000000000000000e+02 2.650000000000000000e+02 2.263322938233613968e-03 -1.516862213611602783e-02 5.400000214576721191e-01
2.560000000000000000e+02 2.840000000000000000e+02 -6.140149757266044617e-02 -3.288618102669715881e-02 5.550000071525573730e-01
2.950000000000000000e+02 2.870000000000000000e+02 -2.594273164868354797e-02 -3.568134084343910217e-02 5.560000538825988770e-01
3.160000000000000000e+02 2.890000000000000000e+02 -0.000000000000000000e+00 -0.000000000000000000e+00 0.000000000000000000e+00
3.330000000000000000e+02 2.920000000000000000e+02 0.000000000000000000e+00 -0.000000000000000000e+00 0.000000000000000000e+00
2.510000000000000000e+02 3.040000000000000000e+02 -6.595347076654434204e-02 -5.109271779656410217e-02 5.550000071525573730e-01
2.880000000000000000e+02 3.080000000000000000e+02 -3.232698515057563782e-02 -5.483264848589897156e-02 5.560000538825988770e-01
3.080000000000000000e+02 3.090000000000000000e+02 -1.375690847635269165e-02 -5.444123595952987671e-02 5.430000424385070801e-01
3.260000000000000000e+02 3.110000000000000000e+02 0.000000000000000000e+00 -0.000000000000000000e+00 0.000000000000000000e+00
2.400000000000000000e+02 3.250000000000000000e+02 -7.555719465017318726e-02 -6.983007490634918213e-02 5.520000457763671875e-01
2.690000000000000000e+02 3.300000000000000000e+02 -4.956635460257530212e-02 -7.476121187210083008e-02 5.550000071525573730e-01
2.870000000000000000e+02 3.310000000000000000e+02 -3.282054141163825989e-02 -7.485347241163253784e-02 5.490000247955322266e-01
3.040000000000000000e+02 3.330000000000000000e+02 -0.000000000000000000e+00 -0.000000000000000000e+00 0.000000000000000000e+00
