1.330000000000000000e+02 2.700000000000000000e+02 -1.633834689855575562e-01 -1.898028887808322906e-02 5.230000019073486328e-01
1.540000000000000000e+02 2.300000000000000000e+02 -1.453674733638763428e-01 1.533329207450151443e-02 5.230000019073486328e-01
1.860000000000000000e+02 2.020000000000000000e+02 -1.208454892039299011e-01 4.033097624778747559e-02 5.360000133514404297e-01
2.140000000000000000e+02 1.880000000000000000e+02 -9.856094419956207275e-02 5.391595140099525452e-02 5.490000247955322266e-01
2.330000000000000000e+02 1.730000000000000000e+02 -0.000000000000000000e+00 0.000000000000000000e+00 0.000000000000000000e+00
2.330000000000000000e+02 2.370000000000000000e+02 -8.248896151781082153e-02 9.917016141116619110e-03 5.560000538825988770e-01
2.690000000000000000e+02 2.360000000000000000e+02 -4.974497482180595398e-02 1.084845978766679764e-02 5.570000410079956055e-01
2.880000000000000000e+02 2.370000000000000000e+02 -3.203627094626426697e-02 9.827833622694015503e-03 5.509999990463256836e-01
3.070000000000000000e+02 2.400000000000000000e+02 -1.464761979877948761e-02 7.013211492449045181e-03 5.430000424385070801e-01
2.370000000000000000e+02 2.600000000000000000e+02 -7.926621288061141968e-02 -1.111789327114820480e-02 5.590000152587890625e-01
2.760000000000000000e+02 2.620000000000000000e+02 -4.350489005446434021e-02 -1.295166928321123123e-02 5.590000152587890625e-01
2.980000000000000000e+02 2.650000000000000000e+02 -2.295619063079357147e-02 -1.544952206313610077e-02 5.500000119209289551e-01
3.170000000000000000e+02 2.670000000000000000e+02 -5.708789918571710587e-03 -1.694007031619548798e-02 5.400000214576721191e-01
2.330000000000000000e+02 2.790000000000000000e+02 -8.293404430150985718e-02 -2.853876166045665741e-02 5.590000152587890625e-01
2.700000000000000000e+02 2.830000000000000000e+02 -4.839295893907546997e-02 -3.180301561951637268e-02 5.520000457763671875e-01
2.900000000000000000e+02 2.850000000000000000e+02 -3.028346411883831024e-02 -3.361382707953453064e-02 5.520000457763671875e-01
3.070000000000000000e+02 2.880000000000000000e+02 -1.472854427993297577e-02 -3.593514859676361084e-02 5.460000038146972656e-01
2.210000000000000000e+02 2.990000000000000000e+02 -9.326533973217010498e-02 -4.654108732938766479e-02 5.550000071525573730e-01
2.500000000000000000e+02 3.050000000000000000e+02 -6.734577566385269165e-02 -5.237784236669540405e-02 5.590000152587890625e-01
2.680000000000000000e+02 3.070000000000000000e+02 -5.065865069627761841e-02 -5.401766300201416016e-02 5.570000410079956055e-01
2.850000000000000000e+02 3.090000000000000000e+02 -3.474777191877365112e-02 -5.524331331253051758e-02 5.509999990463256836e-01
