5.800000000000000000e+01 3.630000000000000000e+02 -1.859256625175476074e-01 -8.063144981861114502e-02 4.270000159740447998e-01
8.100000000000000000e+01 3.110000000000000000e+02 -1.702134609222412109e-01 -4.431536048650741577e-02 4.280000329017639160e-01
1.270000000000000000e+02 2.810000000000000000e+02 -1.440407335758209229e-01 -2.428716421127319336e-02 4.470000267028808594e-01
1.670000000000000000e+02 2.660000000000000000e+02 -1.195871159434318542e-01 -1.385430525988340378e-02 4.660000205039978027e-01
1.890000000000000000e+02 2.480000000000000000e+02 -1.056372001767158508e-01 -9.874816169030964375e-05 4.790000319480895996e-01
1.670000000000000000e+02 3.120000000000000000e+02 -1.113751232624053955e-01 -4.564845934510231018e-02 4.340000152587890625e-01
2.060000000000000000e+02 3.090000000000000000e+02 -8.476641774177551270e-02 -4.411444440484046936e-02 4.400000274181365967e-01
1.840000000000000000e+02 3.160000000000000000e+02 -9.881512075662612915e-02 -4.827241227030754089e-02 4.320000112056732178e-01
1.590000000000000000e+02 3.180000000000000000e+02 -1.173401698470115662e-01 -5.003463849425315857e-02 4.350000321865081787e-01
1.720000000000000000e+02 3.420000000000000000e+02 -1.068218573927879333e-01 -6.638668477535247803e-02 4.300000071525573730e-01
2.110000000000000000e+02 3.400000000000000000e+02 -8.115764707326889038e-02 -6.648716330528259277e-02 4.400000274181365967e-01
1.760000000000000000e+02 3.430000000000000000e+02 -1.040004491806030273e-01 -6.709198653697967529e-02 4.300000071525573730e-01
1.510000000000000000e+02 3.420000000000000000e+02 -1.233314648270606995e-01 -6.731301546096801758e-02 4.360000193119049072e-01
1.720000000000000000e+02 3.680000000000000000e+02 -1.073187068104743958e-01 -8.511850982904434204e-02 4.320000112056732178e-01
2.140000000000000000e+02 3.700000000000000000e+02 -7.971049100160598755e-02 -8.893943578004837036e-02 4.440000355243682861e-01
1.850000000000000000e+02 3.690000000000000000e+02 -9.810648858547210693e-02 -8.582708239555358887e-02 4.320000112056732178e-01
1.540000000000000000e+02 3.670000000000000000e+02 -1.217417865991592407e-01 -8.558229357004165649e-02 4.380000233650207520e-01
1.660000000000000000e+02 3.940000000000000000e+02 -1.172523349523544312e-01 -1.088145077228546143e-01 4.540000259876251221e-01
2.010000000000000000e+02 4.000000000000000000e+02 -8.797349035739898682e-02 -1.092901602387428284e-01 4.380000233650207520e-01
2.050000000000000000e+02 4.030000000000000000e+02 -8.529388159513473511e-02 -1.116998568177223206e-01 4.390000104904174805e-01
2.000000000000000000e+02 4.040000000000000000e+02 -8.869196474552154541e-02 -1.121638417243957520e-01 4.380000233650207520e-01
