1.450000000000000000e+02 2.870000000000000000e+02 -1.522104889154434204e-01 -3.337103873491287231e-02 5.200000405311584473e-01
1.670000000000000000e+02 2.470000000000000000e+02 -1.342147141695022583e-01 7.500205538235604763e-04 5.230000019073486328e-01
1.990000000000000000e+02 2.200000000000000000e+02 -1.092113777995109558e-01 2.446033246815204620e-02 5.350000262260437012e-01
2.260000000000000000e+02 2.040000000000000000e+02 -8.791413903236389160e-02 3.958014398813247681e-02 5.500000119209289551e-01
2.460000000000000000e+02 1.900000000000000000e+02 -1.227176040410995483e-01 9.169958531856536865e-02 9.660000205039978027e-01
2.470000000000000000e+02 2.540000000000000000e+02 -7.009664177894592285e-02 -5.616567097604274750e-03 5.590000152587890625e-01
2.830000000000000000e+02 2.530000000000000000e+02 -3.675447404384613037e-02 -4.657642915844917297e-03 5.540000200271606445e-01
3.020000000000000000e+02 2.550000000000000000e+02 -1.927706226706504822e-02 -6.404890213161706924e-03 5.480000376701354980e-01
3.200000000000000000e+02 2.570000000000000000e+02 -3.096625208854675293e-03 -8.202580735087394714e-03 5.480000376701354980e-01
2.510000000000000000e+02 2.770000000000000000e+02 -6.642881035804748535e-02 -2.670498751103878021e-02 5.590000152587890625e-01
2.890000000000000000e+02 2.790000000000000000e+02 -3.141494840383529663e-02 -2.838560380041599274e-02 5.560000538825988770e-01
3.100000000000000000e+02 2.820000000000000000e+02 -1.210781093686819077e-02 -3.072968684136867523e-02 5.490000247955322266e-01
3.270000000000000000e+02 2.850000000000000000e+02 3.160776803269982338e-03 -3.300487995147705078e-02 5.420000553131103516e-01
2.450000000000000000e+02 2.970000000000000000e+02 -7.193055748939514160e-02 -4.504274204373359680e-02 5.590000152587890625e-01
2.820000000000000000e+02 3.000000000000000000e+02 -3.786718100309371948e-02 -4.762240871787071228e-02 5.570000410079956055e-01
3.020000000000000000e+02 3.030000000000000000e+02 -1.938259229063987732e-02 -4.982071742415428162e-02 5.509999990463256836e-01
3.190000000000000000e+02 3.050000000000000000e+02 -0.000000000000000000e+00 -0.000000000000000000e+00 0.000000000000000000e+00
2.340000000000000000e+02 3.170000000000000000e+02 -8.143019676208496094e-02 -6.292697042226791382e-02 5.550000071525573730e-01
2.630000000000000000e+02 3.220000000000000000e+02 -5.492957681417465210e-02 -6.735701858997344971e-02 5.540000200271606445e-01
2.810000000000000000e+02 3.240000000000000000e+02 -3.843273594975471497e-02 -6.892466545104980469e-02 5.520000457763671875e-01
2.970000000000000000e+02 3.260000000000000000e+02 -2.372824959456920624e-02 -7.009476423263549805e-02 5.470000505447387695e-01
