8.300000000000000000e+01 1.190000000000000000e+02 -2.118004709482192993e-01 1.135128438472747803e-01 5.370000004768371582e-01
1.030000000000000000e+02 7.400000000000000000e+01 -1.909286081790924072e-01 1.505822390317916870e-01 5.279999971389770508e-01
1.340000000000000000e+02 4.500000000000000000e+01 -1.674976646900177002e-01 1.793577820062637329e-01 5.390000343322753906e-01
1.600000000000000000e+02 2.400000000000000000e+01 -1.474589407444000244e-01 2.019627690315246582e-01 5.500000119209289551e-01
1.760000000000000000e+02 5.000000000000000000e+00 -1.349587291479110718e-01 2.222901135683059692e-01 5.580000281333923340e-01
1.830000000000000000e+02 7.800000000000000000e+01 -1.297034025192260742e-01 1.568702161312103271e-01 5.630000233650207520e-01
2.170000000000000000e+02 7.000000000000000000e+01 -9.795457124710083008e-02 1.636742949485778809e-01 5.610000491142272949e-01
2.360000000000000000e+02 6.800000000000000000e+01 -7.917908579111099243e-02 1.628593206405639648e-01 5.520000457763671875e-01
2.540000000000000000e+02 6.600000000000000000e+01 -6.219705939292907715e-02 1.628802269697189331e-01 5.460000038146972656e-01
1.890000000000000000e+02 1.000000000000000000e+02 -1.254855096340179443e-01 1.380096226930618286e-01 5.690000057220458984e-01
2.270000000000000000e+02 9.600000000000000000e+01 -8.970141410827636719e-02 1.412445753812789917e-01 5.670000314712524414e-01
2.490000000000000000e+02 9.400000000000000000e+01 -6.801850348711013794e-02 1.405807137489318848e-01 5.570000410079956055e-01
2.660000000000000000e+02 9.100000000000000000e+01 -5.182639136910438538e-02 1.415203511714935303e-01 5.500000119209289551e-01
1.880000000000000000e+02 1.200000000000000000e+02 -1.270854175090789795e-01 1.199730560183525085e-01 5.720000267028808594e-01
2.240000000000000000e+02 1.190000000000000000e+02 -9.281790256500244141e-02 1.202771142125129700e-01 5.690000057220458984e-01
2.450000000000000000e+02 1.170000000000000000e+02 -7.257394492626190186e-02 1.210703775286674500e-01 5.640000104904174805e-01
2.620000000000000000e+02 1.150000000000000000e+02 -5.634228885173797607e-02 1.218308284878730774e-01 5.590000152587890625e-01
1.810000000000000000e+02 1.420000000000000000e+02 -1.341207027435302734e-01 9.967973083257675171e-02 5.740000009536743164e-01
2.090000000000000000e+02 1.440000000000000000e+02 -1.071937680244445801e-01 9.728562086820602417e-02 5.710000395774841309e-01
2.270000000000000000e+02 1.420000000000000000e+02 -9.001781791448593140e-02 9.881144762039184570e-02 5.690000057220458984e-01
2.440000000000000000e+02 1.410000000000000000e+02 -7.402037084102630615e-02 9.956943988800048828e-02 5.680000185966491699e-01
