1.040000000000000000e+02 3.100000000000000000e+02 -1.569455713033676147e-01 -4.442854225635528564e-02 4.360000193119049072e-01
1.360000000000000000e+02 2.620000000000000000e+02 -1.346743255853652954e-01 -1.014817785471677780e-02 4.380000233650207520e-01
1.790000000000000000e+02 2.370000000000000000e+02 -1.082817912101745605e-01 8.151216432452201843e-03 4.570000171661376953e-01
2.180000000000000000e+02 2.280000000000000000e+02 -8.267809450626373291e-02 1.558204367756843567e-02 4.780000150203704834e-01
2.400000000000000000e+02 2.120000000000000000e+02 -1.315406858921051025e-01 5.654723197221755981e-02 9.610000252723693848e-01
2.150000000000000000e+02 2.640000000000000000e+02 -7.933794707059860229e-02 -1.179661601781845093e-02 4.460000097751617432e-01
2.520000000000000000e+02 2.620000000000000000e+02 -5.273763090372085571e-02 -1.042620930820703506e-02 4.500000178813934326e-01
2.310000000000000000e+02 2.660000000000000000e+02 -6.732910871505737305e-02 -1.320024020969867706e-02 4.440000355243682861e-01
2.090000000000000000e+02 2.660000000000000000e+02 -8.410298824310302734e-02 -1.331916078925132751e-02 4.480000138282775879e-01
2.180000000000000000e+02 2.940000000000000000e+02 -7.610536366701126099e-02 -3.328893706202507019e-02 4.400000274181365967e-01
2.580000000000000000e+02 2.910000000000000000e+02 -4.809397459030151367e-02 -3.168972209095954895e-02 4.480000138282775879e-01
2.240000000000000000e+02 2.920000000000000000e+02 -7.193795591592788696e-02 -3.191790729761123657e-02 4.410000145435333252e-01
2.010000000000000000e+02 2.890000000000000000e+02 -8.998201787471771240e-02 -3.022007457911968231e-02 4.480000138282775879e-01
2.180000000000000000e+02 3.200000000000000000e+02 -7.645129412412643433e-02 -5.228975415229797363e-02 4.420000314712524414e-01
2.560000000000000000e+02 3.200000000000000000e+02 -4.978499934077262878e-02 -5.323617532849311829e-02 4.500000178813934326e-01
2.300000000000000000e+02 3.190000000000000000e+02 -6.821071356534957886e-02 -5.191476270556449890e-02 4.450000226497650146e-01
2.050000000000000000e+02 3.180000000000000000e+02 -8.626534044742584229e-02 -5.106984078884124756e-02 4.440000355243682861e-01
2.100000000000000000e+02 3.470000000000000000e+02 -8.634554594755172729e-02 -7.544119656085968018e-02 4.640000164508819580e-01
2.410000000000000000e+02 3.550000000000000000e+02 -6.045166403055191040e-02 -7.854264229536056519e-02 4.470000267028808594e-01
2.470000000000000000e+02 3.540000000000000000e+02 -5.630302801728248596e-02 -7.815760374069213867e-02 4.490000307559967041e-01
2.490000000000000000e+02 3.520000000000000000e+02 -5.470787733793258667e-02 -7.651388645172119141e-02 4.480000138282775879e-01
