8.300000000000000000e+01 1.160000000000000000e+02 -2.121949046850204468e-01 1.163715645670890808e-01 5.380000472068786621e-01
1.040000000000000000e+02 7.100000000000000000e+01 -1.907824575901031494e-01 1.537605822086334229e-01 5.300000309944152832e-01
1.340000000000000000e+02 4.300000000000000000e+01 -1.681191772222518921e-01 1.817980259656906128e-01 5.410000085830688477e-01
1.580000000000000000e+02 2.300000000000000000e+01 -1.492633223533630371e-01 2.028649002313613892e-01 5.500000119209289551e-01
1.740000000000000000e+02 3.000000000000000000e+00 -1.367893666028976440e-01 2.241206169128417969e-01 5.580000281333923340e-01
1.830000000000000000e+02 7.500000000000000000e+01 -1.299337893724441528e-01 1.599241197109222412e-01 5.640000104904174805e-01
2.170000000000000000e+02 6.800000000000000000e+01 -9.795457124710083008e-02 1.655146330595016479e-01 5.610000491142272949e-01
2.360000000000000000e+02 6.600000000000000000e+01 -7.917908579111099243e-02 1.646701395511627197e-01 5.520000457763671875e-01
2.530000000000000000e+02 6.500000000000000000e+01 -6.309269368648529053e-02 1.637758016586303711e-01 5.460000038146972656e-01
1.880000000000000000e+02 9.800000000000000000e+01 -1.268632411956787109e-01 1.403678655624389648e-01 5.710000395774841309e-01
2.270000000000000000e+02 9.400000000000000000e+01 -9.001781791448593140e-02 1.436093598604202271e-01 5.690000057220458984e-01
2.490000000000000000e+02 9.200000000000000000e+01 -6.826272606849670410e-02 1.429192572832107544e-01 5.590000152587890625e-01
2.670000000000000000e+02 8.900000000000000000e+01 -5.110938102006912231e-02 1.438457965850830078e-01 5.520000457763671875e-01
1.870000000000000000e+02 1.190000000000000000e+02 -1.282474994659423828e-01 1.211226508021354675e-01 5.730000138282775879e-01
2.230000000000000000e+02 1.180000000000000000e+02 -9.424556046724319458e-02 1.218494772911071777e-01 5.720000267028808594e-01
2.440000000000000000e+02 1.160000000000000000e+02 -7.375974208116531372e-02 1.224280744791030884e-01 5.660000443458557129e-01
2.620000000000000000e+02 1.130000000000000000e+02 -5.644307658076286316e-02 1.238858327269554138e-01 5.600000023841857910e-01
1.800000000000000000e+02 1.400000000000000000e+02 -1.350622624158859253e-01 1.015627086162567139e-01 5.740000009536743164e-01
2.100000000000000000e+02 1.420000000000000000e+02 -1.070014908909797668e-01 9.985340386629104614e-02 5.750000476837158203e-01
2.270000000000000000e+02 1.410000000000000000e+02 -9.065063297748565674e-02 1.004459336400032043e-01 5.730000138282775879e-01
2.440000000000000000e+02 1.390000000000000000e+02 -7.428101450204849243e-02 1.017898991703987122e-01 5.700000524520874023e-01
