1.930000000000000000e+02 3.180000000000000000e+02 -1.054899394512176514e-01 -5.670592561364173889e-02 4.930000305175781250e-01
2.180000000000000000e+02 2.760000000000000000e+02 -8.527259528636932373e-02 -2.274334989488124847e-02 4.930000305175781250e-01
2.530000000000000000e+02 2.490000000000000000e+02 -5.847052484750747681e-02 -9.342700359411537647e-04 5.060000419616699219e-01
2.790000000000000000e+02 2.290000000000000000e+02 -3.769199922680854797e-02 1.600538380444049835e-02 5.170000195503234863e-01
3.030000000000000000e+02 2.130000000000000000e+02 -3.222883120179176331e-02 5.497097223997116089e-02 9.610000252723693848e-01
2.950000000000000000e+02 2.820000000000000000e+02 -2.449628338217735291e-02 -2.938631176948547363e-02 5.250000357627868652e-01
3.340000000000000000e+02 2.830000000000000000e+02 9.124560281634330750e-03 -3.036266006529331207e-02 5.270000100135803223e-01
3.550000000000000000e+02 2.860000000000000000e+02 0.000000000000000000e+00 -0.000000000000000000e+00 0.000000000000000000e+00
3.750000000000000000e+02 2.900000000000000000e+02 3.670277446508407593e-02 -2.998755872249603271e-02 4.340000152587890625e-01
2.950000000000000000e+02 3.070000000000000000e+02 -2.463626116514205933e-02 -5.120525136590003967e-02 5.279999971389770508e-01
3.370000000000000000e+02 3.100000000000000000e+02 0.000000000000000000e+00 -0.000000000000000000e+00 0.000000000000000000e+00
3.590000000000000000e+02 3.160000000000000000e+02 2.927813120186328888e-02 -5.609433352947235107e-02 5.020000338554382324e-01
3.760000000000000000e+02 3.210000000000000000e+02 0.000000000000000000e+00 -0.000000000000000000e+00 0.000000000000000000e+00
2.900000000000000000e+02 3.290000000000000000e+02 -2.885706909000873566e-02 -6.999202072620391846e-02 5.260000228881835938e-01
3.290000000000000000e+02 3.340000000000000000e+02 4.027679096907377243e-03 -6.243949383497238159e-02 4.420000314712524414e-01
3.510000000000000000e+02 3.380000000000000000e+02 2.309727668762207031e-02 -7.553945481777191162e-02 5.110000371932983398e-01
3.660000000000000000e+02 3.410000000000000000e+02 3.469330072402954102e-02 -7.591546326875686646e-02 4.970000088214874268e-01
2.820000000000000000e+02 3.510000000000000000e+02 -3.541975095868110657e-02 -8.812699466943740845e-02 5.210000276565551758e-01
3.160000000000000000e+02 3.530000000000000000e+02 -0.000000000000000000e+00 -0.000000000000000000e+00 0.000000000000000000e+00
3.330000000000000000e+02 3.540000000000000000e+02 6.943495944142341614e-03 -7.711318135261535645e-02 4.430000185966491699e-01
3.460000000000000000e+02 3.560000000000000000e+02 0.000000000000000000e+00 -0.000000000000000000e+00 0.000000000000000000e+00
