6.100000000000000000e+01 3.460000000000000000e+02 -1.846853792667388916e-01 -6.904692947864532471e-02 4.290000200271606445e-01
8.900000000000000000e+01 2.960000000000000000e+02 -1.657506227493286133e-01 -3.402189910411834717e-02 4.310000240802764893e-01
1.360000000000000000e+02 2.690000000000000000e+02 -1.380565464496612549e-01 -1.555828005075454712e-02 4.490000307559967041e-01
1.780000000000000000e+02 2.580000000000000000e+02 -1.123715639114379883e-01 -7.822575047612190247e-03 4.710000157356262207e-01
2.020000000000000000e+02 2.420000000000000000e+02 -1.926383674144744873e-01 9.317254647612571716e-03 9.670000672340393066e-01
1.720000000000000000e+02 2.970000000000000000e+02 -1.093060895800590515e-01 -3.545403853058815002e-02 4.400000274181365967e-01
2.120000000000000000e+02 2.960000000000000000e+02 -8.116712421178817749e-02 -3.504808619618415833e-02 4.440000355243682861e-01
1.880000000000000000e+02 3.030000000000000000e+02 -9.686929732561111450e-02 -3.942256793379783630e-02 4.360000193119049072e-01
1.630000000000000000e+02 3.020000000000000000e+02 -1.163282617926597595e-01 -3.924009948968887329e-02 4.420000314712524414e-01
1.760000000000000000e+02 3.260000000000000000e+02 -1.052097603678703308e-01 -5.574263632297515869e-02 4.350000321865081787e-01
2.190000000000000000e+02 3.240000000000000000e+02 -7.572626322507858276e-02 -5.518968030810356140e-02 4.420000314712524414e-01
1.830000000000000000e+02 3.290000000000000000e+02 -9.998451173305511475e-02 -5.775006860494613647e-02 4.340000152587890625e-01
1.580000000000000000e+02 3.270000000000000000e+02 -1.188678815960884094e-01 -5.684548616409301758e-02 4.380000233650207520e-01
1.760000000000000000e+02 3.520000000000000000e+02 -1.054516211152076721e-01 -7.446441054344177246e-02 4.360000193119049072e-01
2.190000000000000000e+02 3.530000000000000000e+02 -7.624024152755737305e-02 -7.673142105340957642e-02 4.450000226497650146e-01
1.920000000000000000e+02 3.550000000000000000e+02 -9.422413259744644165e-02 -7.678553462028503418e-02 4.370000064373016357e-01
1.630000000000000000e+02 3.540000000000000000e+02 -1.152755171060562134e-01 -7.624282687902450562e-02 4.380000233650207520e-01
1.700000000000000000e+02 3.790000000000000000e+02 -1.140217408537864685e-01 -9.742946922779083252e-02 4.530000090599060059e-01
2.050000000000000000e+02 3.870000000000000000e+02 -8.529388159513473511e-02 -1.001788899302482605e-01 4.390000104904174805e-01
2.060000000000000000e+02 3.870000000000000000e+02 -8.457376807928085327e-02 -1.001788899302482605e-01 4.390000104904174805e-01
1.980000000000000000e+02 3.830000000000000000e+02 -9.033468365669250488e-02 -9.729865193367004395e-02 4.390000104904174805e-01
