1.770000000000000000e+02 3.060000000000000000e+02 -1.220323517918586731e-01 -4.843242093920707703e-02 5.080000162124633789e-01
2.000000000000000000e+02 2.650000000000000000e+02 -1.034739613533020020e-01 -1.435401104390621185e-02 5.110000371932983398e-01
2.320000000000000000e+02 2.380000000000000000e+02 -7.785093039274215698e-02 8.405792526900768280e-03 5.190000534057617188e-01
2.600000000000000000e+02 2.200000000000000000e+02 -5.505404621362686157e-02 2.418601140379905701e-02 5.290000438690185547e-01
2.820000000000000000e+02 2.050000000000000000e+02 -0.000000000000000000e+00 0.000000000000000000e+00 0.000000000000000000e+00
2.770000000000000000e+02 2.720000000000000000e+02 -4.129277542233467102e-02 -2.144782990217208862e-02 5.420000553131103516e-01
3.140000000000000000e+02 2.720000000000000000e+02 -8.412639610469341278e-03 -2.148740179836750031e-02 5.430000424385070801e-01
3.350000000000000000e+02 2.740000000000000000e+02 1.008379925042390823e-02 -2.279731631278991699e-02 5.320000052452087402e-01
3.550000000000000000e+02 2.780000000000000000e+02 0.000000000000000000e+00 -0.000000000000000000e+00 0.000000000000000000e+00
2.800000000000000000e+02 2.970000000000000000e+02 -3.862556442618370056e-02 -4.367293044924736023e-02 5.420000553131103516e-01
3.210000000000000000e+02 3.010000000000000000e+02 -2.173649612814188004e-03 -4.722894355654716492e-02 5.420000553131103516e-01
3.460000000000000000e+02 3.050000000000000000e+02 1.635328680276870728e-02 -4.141503944993019104e-02 4.420000314712524414e-01
3.650000000000000000e+02 3.080000000000000000e+02 0.000000000000000000e+00 -0.000000000000000000e+00 0.000000000000000000e+00
2.750000000000000000e+02 3.180000000000000000e+02 -4.291198402643203735e-02 -6.211196631193161011e-02 5.400000214576721191e-01
3.140000000000000000e+02 3.230000000000000000e+02 -0.000000000000000000e+00 -0.000000000000000000e+00 0.000000000000000000e+00
3.360000000000000000e+02 3.240000000000000000e+02 0.000000000000000000e+00 -0.000000000000000000e+00 0.000000000000000000e+00
3.550000000000000000e+02 3.270000000000000000e+02 2.707129344344139099e-02 -6.787714362144470215e-02 5.230000019073486328e-01
2.650000000000000000e+02 3.380000000000000000e+02 -5.157814547419548035e-02 -7.953078299760818481e-02 5.380000472068786621e-01
2.960000000000000000e+02 3.430000000000000000e+02 -2.435540407896041870e-02 -8.441107720136642456e-02 5.410000085830688477e-01
3.140000000000000000e+02 3.450000000000000000e+02 -0.000000000000000000e+00 -0.000000000000000000e+00 0.000000000000000000e+00
3.300000000000000000e+02 3.470000000000000000e+02 4.763467237353324890e-03 -7.202683389186859131e-02 4.430000185966491699e-01
