1.650000000000000000e+02 3.030000000000000000e+02 -1.335913687944412231e-01 -4.647522419691085815e-02 5.139999985694885254e-01
1.890000000000000000e+02 2.600000000000000000e+02 -1.133559793233871460e-01 -1.022289320826530457e-02 5.139999985694885254e-01
2.220000000000000000e+02 2.340000000000000000e+02 -8.736278861761093140e-02 1.194744929671287537e-02 5.250000357627868652e-01
2.480000000000000000e+02 2.180000000000000000e+02 -6.658081710338592529e-02 2.636238001286983490e-02 5.380000472068786621e-01
2.700000000000000000e+02 2.020000000000000000e+02 -0.000000000000000000e+00 0.000000000000000000e+00 0.000000000000000000e+00
2.660000000000000000e+02 2.680000000000000000e+02 -5.154370516538619995e-02 -1.805686764419078827e-02 5.470000505447387695e-01
3.040000000000000000e+02 2.670000000000000000e+02 -0.000000000000000000e+00 -0.000000000000000000e+00 0.000000000000000000e+00
3.250000000000000000e+02 2.700000000000000000e+02 1.380083500407636166e-03 -1.963352970778942108e-02 5.410000085830688477e-01
3.430000000000000000e+02 2.730000000000000000e+02 1.709721796214580536e-02 -2.196592837572097778e-02 5.330000519752502441e-01
2.680000000000000000e+02 2.930000000000000000e+02 -5.002200230956077576e-02 -4.070904105901718140e-02 5.500000119209289551e-01
3.080000000000000000e+02 2.960000000000000000e+02 -1.395958755165338516e-02 -4.349435493350028992e-02 5.509999990463256836e-01
3.320000000000000000e+02 3.000000000000000000e+02 0.000000000000000000e+00 -0.000000000000000000e+00 0.000000000000000000e+00
3.490000000000000000e+02 3.030000000000000000e+02 1.844455674290657043e-02 -3.978424146771430969e-02 4.400000274181365967e-01
2.630000000000000000e+02 3.140000000000000000e+02 -5.433467403054237366e-02 -5.943676456809043884e-02 5.480000376701354980e-01
3.010000000000000000e+02 3.160000000000000000e+02 -2.021279186010360718e-02 -6.134619191288948059e-02 5.490000247955322266e-01
3.240000000000000000e+02 3.180000000000000000e+02 0.000000000000000000e+00 -0.000000000000000000e+00 0.000000000000000000e+00
3.430000000000000000e+02 3.200000000000000000e+02 1.700098440051078796e-02 -6.270038336515426636e-02 5.300000309944152832e-01
2.540000000000000000e+02 3.350000000000000000e+02 -6.196923553943634033e-02 -7.774089276790618896e-02 5.440000295639038086e-01
2.850000000000000000e+02 3.390000000000000000e+02 -3.455858677625656128e-02 -8.190789073705673218e-02 5.480000376701354980e-01
3.040000000000000000e+02 3.400000000000000000e+02 -1.738354563713073730e-02 -8.235341310501098633e-02 5.450000166893005371e-01
3.210000000000000000e+02 3.420000000000000000e+02 -0.000000000000000000e+00 -0.000000000000000000e+00 0.000000000000000000e+00
