1.270000000000000000e+02 2.620000000000000000e+02 -1.701420694589614868e-01 -1.223341841250658035e-02 5.279999971389770508e-01
1.480000000000000000e+02 2.220000000000000000e+02 -1.510904729366302490e-01 2.228089049458503723e-02 5.250000357627868652e-01
1.800000000000000000e+02 1.940000000000000000e+02 -1.270620673894882202e-01 4.771774262189865112e-02 5.400000214576721191e-01
2.070000000000000000e+02 1.790000000000000000e+02 -1.058198735117912292e-01 6.258516758680343628e-02 5.540000200271606445e-01
2.260000000000000000e+02 1.640000000000000000e+02 -0.000000000000000000e+00 0.000000000000000000e+00 0.000000000000000000e+00
2.270000000000000000e+02 2.280000000000000000e+02 -8.859398216009140015e-02 1.825511455535888672e-02 5.600000023841857910e-01
2.630000000000000000e+02 2.270000000000000000e+02 -5.532618239521980286e-02 1.910516433417797089e-02 5.580000281333923340e-01
2.820000000000000000e+02 2.280000000000000000e+02 -3.759524598717689514e-02 1.802692562341690063e-02 5.530000329017639160e-01
3.000000000000000000e+02 2.300000000000000000e+02 -2.107488736510276794e-02 1.606624200940132141e-02 5.480000376701354980e-01
2.310000000000000000e+02 2.500000000000000000e+02 -8.491959422826766968e-02 -1.952502643689513206e-03 5.600000023841857910e-01
2.690000000000000000e+02 2.520000000000000000e+02 -4.992359131574630737e-02 -3.782791784033179283e-03 5.590000152587890625e-01
2.910000000000000000e+02 2.540000000000000000e+02 -2.937799133360385895e-02 -5.546235013753175735e-03 5.520000457763671875e-01
3.090000000000000000e+02 2.560000000000000000e+02 -1.291358564049005508e-02 -7.263751234859228134e-03 5.450000166893005371e-01
2.260000000000000000e+02 2.700000000000000000e+02 -8.983227610588073730e-02 -2.039564587175846100e-02 5.620000362396240234e-01
2.630000000000000000e+02 2.740000000000000000e+02 -5.552447959780693054e-02 -2.399717457592487335e-02 5.600000023841857910e-01
2.840000000000000000e+02 2.760000000000000000e+02 -3.603982925415039062e-02 -2.569583430886268616e-02 5.570000410079956055e-01
3.010000000000000000e+02 2.780000000000000000e+02 -2.013915777206420898e-02 -2.702892012894153595e-02 5.470000505447387695e-01
2.150000000000000000e+02 2.900000000000000000e+02 -9.961715340614318848e-02 -3.869362175464630127e-02 5.600000023841857910e-01
2.430000000000000000e+02 2.960000000000000000e+02 -7.402838766574859619e-02 -4.428372904658317566e-02 5.610000491142272949e-01
2.610000000000000000e+02 2.970000000000000000e+02 -5.725924670696258545e-02 -4.504274204373359680e-02 5.590000152587890625e-01
2.780000000000000000e+02 3.000000000000000000e+02 -4.144734516739845276e-02 -4.753691330552101135e-02 5.560000538825988770e-01
