5.600000000000000000e+01 3.630000000000000000e+02 -1.873265355825424194e-01 -8.063144981861114502e-02 4.270000159740447998e-01
8.100000000000000000e+01 3.110000000000000000e+02 -1.702134609222412109e-01 -4.431536048650741577e-02 4.280000329017639160e-01
1.280000000000000000e+02 2.820000000000000000e+02 -1.433075070381164551e-01 -2.502034604549407959e-02 4.470000267028808594e-01
1.690000000000000000e+02 2.670000000000000000e+02 -1.183116361498832703e-01 -1.465002261102199554e-02 4.670000076293945312e-01
1.920000000000000000e+02 2.490000000000000000e+02 -1.034956201910972595e-01 -8.862640243023633957e-04 4.800000190734863281e-01
1.660000000000000000e+02 3.130000000000000000e+02 -1.120870336890220642e-01 -4.636031761765480042e-02 4.340000152587890625e-01
2.060000000000000000e+02 3.100000000000000000e+02 -8.457376807928085327e-02 -4.473424330353736877e-02 4.390000104904174805e-01
1.830000000000000000e+02 3.160000000000000000e+02 -9.952375292778015137e-02 -4.827241227030754089e-02 4.320000112056732178e-01
1.590000000000000000e+02 3.190000000000000000e+02 -1.173401698470115662e-01 -5.074813961982727051e-02 4.350000321865081787e-01
1.700000000000000000e+02 3.420000000000000000e+02 -1.079808548092842102e-01 -6.623230129480361938e-02 4.290000200271606445e-01
2.100000000000000000e+02 3.400000000000000000e+02 -8.187939971685409546e-02 -6.648716330528259277e-02 4.400000274181365967e-01
1.760000000000000000e+02 3.440000000000000000e+02 -1.040004491806030273e-01 -6.779728084802627563e-02 4.300000071525573730e-01
1.500000000000000000e+02 3.440000000000000000e+02 -1.237621530890464783e-01 -6.858562678098678589e-02 4.350000321865081787e-01
1.700000000000000000e+02 3.680000000000000000e+02 -1.087359637022018433e-01 -8.511850982904434204e-02 4.320000112056732178e-01
2.140000000000000000e+02 3.700000000000000000e+02 -7.989001274108886719e-02 -8.913974463939666748e-02 4.450000226497650146e-01
1.860000000000000000e+02 3.690000000000000000e+02 -9.784877300262451172e-02 -8.622442930936813354e-02 4.340000152587890625e-01
1.550000000000000000e+02 3.690000000000000000e+02 -1.207469999790191650e-01 -8.682045340538024902e-02 4.370000064373016357e-01
1.660000000000000000e+02 3.940000000000000000e+02 -1.172523349523544312e-01 -1.088145077228546143e-01 4.540000259876251221e-01
2.000000000000000000e+02 3.990000000000000000e+02 -8.869196474552154541e-02 -1.085717380046844482e-01 4.380000233650207520e-01
2.050000000000000000e+02 4.020000000000000000e+02 -8.509959280490875244e-02 -1.107270047068595886e-01 4.380000233650207520e-01
2.000000000000000000e+02 4.050000000000000000e+02 -8.889445662498474121e-02 -1.131399720907211304e-01 4.390000104904174805e-01
