9.300000000000000000e+01 1.430000000000000000e+02 -2.029917687177658081e-01 9.237357974052429199e-02 5.370000004768371582e-01
1.090000000000000000e+02 1.020000000000000000e+02 -1.871390491724014282e-01 1.272901594638824463e-01 5.320000052452087402e-01
1.380000000000000000e+02 7.400000000000000000e+01 -1.648736447095870972e-01 1.545749604701995850e-01 5.420000553131103516e-01
1.640000000000000000e+02 5.600000000000000000e+01 -1.451578885316848755e-01 1.746683269739151001e-01 5.550000071525573730e-01
1.800000000000000000e+02 4.000000000000000000e+01 -1.310621649026870728e-01 1.899154931306838989e-01 5.570000410079956055e-01
1.890000000000000000e+02 1.080000000000000000e+02 -1.248239129781723022e-01 1.298550367355346680e-01 5.660000443458557129e-01
2.230000000000000000e+02 1.030000000000000000e+02 -9.292743355035781860e-02 1.340216249227523804e-01 5.640000104904174805e-01
2.410000000000000000e+02 1.000000000000000000e+02 -7.546315342187881470e-02 1.353415995836257935e-01 5.580000281333923340e-01
2.580000000000000000e+02 9.800000000000000000e+01 -5.936600267887115479e-02 1.359429657459259033e-01 5.530000329017639160e-01
1.940000000000000000e+02 1.320000000000000000e+02 -1.212433874607086182e-01 1.085244640707969666e-01 5.710000395774841309e-01
2.330000000000000000e+02 1.300000000000000000e+02 -8.441765606403350830e-02 1.100109219551086426e-01 5.690000057220458984e-01
2.540000000000000000e+02 1.280000000000000000e+02 -6.356403231620788574e-02 1.097146719694137573e-01 5.580000281333923340e-01
2.710000000000000000e+02 1.270000000000000000e+02 -4.774556308984756470e-02 1.100351363420486450e-01 5.550000071525573730e-01
1.930000000000000000e+02 1.520000000000000000e+02 -1.228219494223594666e-01 9.026481956243515015e-02 5.740000009536743164e-01
2.290000000000000000e+02 1.530000000000000000e+02 -8.861587196588516235e-02 8.901210129261016846e-02 5.720000267028808594e-01
2.490000000000000000e+02 1.510000000000000000e+02 -6.850696355104446411e-02 8.914066851139068604e-02 5.610000491142272949e-01
2.650000000000000000e+02 1.510000000000000000e+02 -5.378315970301628113e-02 8.914066851139068604e-02 5.610000491142272949e-01
1.840000000000000000e+02 1.720000000000000000e+02 -1.310672760009765625e-01 7.131054997444152832e-02 5.730000138282775879e-01
2.130000000000000000e+02 1.750000000000000000e+02 -1.039907112717628479e-01 6.861052662134170532e-02 5.740000009536743164e-01
2.290000000000000000e+02 1.750000000000000000e+02 -8.846095204353332520e-02 6.825193762779235840e-02 5.710000395774841309e-01
2.450000000000000000e+02 1.750000000000000000e+02 -7.321733236312866211e-02 6.801287084817886353e-02 5.690000057220458984e-01
