2.100000000000000000e+02 3.420000000000000000e+02 -7.890196889638900757e-02 -6.546036154031753540e-02 4.240000247955322266e-01
2.400000000000000000e+02 2.980000000000000000e+02 -5.803668498992919922e-02 -3.486025705933570862e-02 4.240000247955322266e-01
2.860000000000000000e+02 2.770000000000000000e+02 -2.690316736698150635e-02 -2.092448063194751740e-02 4.380000233650207520e-01
3.240000000000000000e+02 2.690000000000000000e+02 4.207128367852419615e-04 -1.600874215364456177e-02 4.620000123977661133e-01
3.450000000000000000e+02 2.560000000000000000e+02 3.387299925088882446e-02 -1.276820898056030273e-02 9.580000638961791992e-01
3.210000000000000000e+02 3.060000000000000000e+02 -1.736513338983058929e-03 -4.128196835517883301e-02 4.330000281333923340e-01
3.570000000000000000e+02 3.070000000000000000e+02 2.410851232707500458e-02 -4.247708618640899658e-02 4.380000233650207520e-01
3.360000000000000000e+02 3.100000000000000000e+02 8.855790831148624420e-03 -4.381714016199111938e-02 4.300000071525573730e-01
3.150000000000000000e+02 3.090000000000000000e+02 -6.012001540511846542e-03 -4.351288080215454102e-02 4.340000152587890625e-01
3.210000000000000000e+02 3.330000000000000000e+02 -1.720471540465950966e-03 -5.989937484264373779e-02 4.290000200271606445e-01
3.610000000000000000e+02 3.340000000000000000e+02 2.679759822785854340e-02 -6.145063042640686035e-02 4.350000321865081787e-01
3.310000000000000000e+02 3.340000000000000000e+02 5.304247140884399414e-03 -6.046177074313163757e-02 4.280000329017639160e-01
3.090000000000000000e+02 3.310000000000000000e+02 -1.025978475809097290e-02 -5.903743952512741089e-02 4.330000281333923340e-01
3.170000000000000000e+02 3.590000000000000000e+02 -4.567031748592853546e-03 -7.874130457639694214e-02 4.320000112056732178e-01
3.600000000000000000e+02 3.630000000000000000e+02 2.650378830730915070e-02 -8.346394449472427368e-02 4.420000314712524414e-01
3.390000000000000000e+02 3.600000000000000000e+02 1.102287787944078445e-02 -7.944987714290618896e-02 4.320000112056732178e-01
3.150000000000000000e+02 3.570000000000000000e+02 -5.998149048537015915e-03 -7.750313729047775269e-02 4.330000281333923340e-01
3.070000000000000000e+02 3.850000000000000000e+02 -1.213891059160232544e-02 -1.012128591537475586e-01 4.500000178813934326e-01
3.390000000000000000e+02 3.950000000000000000e+02 1.104839425534009933e-02 -1.044914573431015015e-01 4.330000281333923340e-01
3.480000000000000000e+02 4.000000000000000000e+02 1.736028864979743958e-02 -1.075435131788253784e-01 4.310000240802764893e-01
3.510000000000000000e+02 4.020000000000000000e+02 1.957166567444801331e-02 -1.094629988074302673e-01 4.330000281333923340e-01
