1.030000000000000000e+02 1.920000000000000000e+02 -1.930982768535614014e-01 4.893931001424789429e-02 5.340000391006469727e-01
1.210000000000000000e+02 1.510000000000000000e+02 -1.760028898715972900e-01 8.421489596366882324e-02 5.300000309944152832e-01
1.540000000000000000e+02 1.220000000000000000e+02 -1.506485193967819214e-01 1.119027584791183472e-01 5.420000553131103516e-01
1.820000000000000000e+02 1.050000000000000000e+02 -1.285387426614761353e-01 1.298279762268066406e-01 5.540000200271606445e-01
1.990000000000000000e+02 8.800000000000000000e+01 -0.000000000000000000e+00 0.000000000000000000e+00 0.000000000000000000e+00
2.040000000000000000e+02 1.550000000000000000e+02 -1.103095188736915588e-01 8.576466143131256104e-02 5.630000233650207520e-01
2.390000000000000000e+02 1.510000000000000000e+02 -7.798638194799423218e-02 8.945845812559127808e-02 5.630000233650207520e-01
2.580000000000000000e+02 1.510000000000000000e+02 -5.968806520104408264e-02 8.834619075059890747e-02 5.560000538825988770e-01
2.760000000000000000e+02 1.510000000000000000e+02 -4.296010732650756836e-02 8.771060407161712646e-02 5.520000457763671875e-01
2.090000000000000000e+02 1.780000000000000000e+02 -1.066305786371231079e-01 6.509839743375778198e-02 5.680000185966491699e-01
2.480000000000000000e+02 1.760000000000000000e+02 -6.979846954345703125e-02 6.649012863636016846e-02 5.640000104904174805e-01
2.700000000000000000e+02 1.760000000000000000e+02 -4.874363169074058533e-02 6.554701179265975952e-02 5.560000538825988770e-01
2.880000000000000000e+02 1.760000000000000000e+02 -3.209441527724266052e-02 6.507544964551925659e-02 5.520000457763671875e-01
2.060000000000000000e+02 1.980000000000000000e+02 -1.096183881163597107e-01 4.654720053076744080e-02 5.690000057220458984e-01
2.420000000000000000e+02 1.980000000000000000e+02 -7.588381320238113403e-02 4.646539688110351562e-02 5.680000185966491699e-01
2.620000000000000000e+02 1.980000000000000000e+02 -5.654387176036834717e-02 4.589276388287544250e-02 5.610000491142272949e-01
2.790000000000000000e+02 1.970000000000000000e+02 -4.046239703893661499e-02 4.631225019693374634e-02 5.550000071525573730e-01
1.970000000000000000e+02 2.190000000000000000e+02 -1.178112253546714783e-01 2.690074965357780457e-02 5.680000185966491699e-01
2.250000000000000000e+02 2.220000000000000000e+02 -9.188453108072280884e-02 2.414824068546295166e-02 5.690000057220458984e-01
2.420000000000000000e+02 2.220000000000000000e+02 -7.575021684169769287e-02 2.406336180865764618e-02 5.670000314712524414e-01
2.590000000000000000e+02 2.220000000000000000e+02 -5.930459126830101013e-02 2.380872331559658051e-02 5.610000491142272949e-01
