6.400000000000000000e+01 3.310000000000000000e+02 -1.838509887456893921e-01 -5.890109390020370483e-02 4.320000112056732178e-01
9.500000000000000000e+01 2.820000000000000000e+02 -1.622581183910369873e-01 -2.423671074211597443e-02 4.330000281333923340e-01
1.430000000000000000e+02 2.570000000000000000e+02 -1.337889134883880615e-01 -6.765631958842277527e-03 4.520000219345092773e-01
1.820000000000000000e+02 2.470000000000000000e+02 -1.095131635665893555e-01 6.768828025087714195e-04 4.720000326633453369e-01
2.060000000000000000e+02 2.330000000000000000e+02 -9.324306249618530273e-02 1.180828083306550980e-02 4.840000271797180176e-01
1.820000000000000000e+02 2.830000000000000000e+02 -1.046407520771026611e-01 -2.598398551344871521e-02 4.510000348091125488e-01
2.180000000000000000e+02 2.840000000000000000e+02 -7.714315503835678101e-02 -2.642745524644851685e-02 4.460000097751617432e-01
1.910000000000000000e+02 2.900000000000000000e+02 -9.559275209903717041e-02 -3.040213324129581451e-02 4.400000274181365967e-01
1.660000000000000000e+02 2.910000000000000000e+02 -1.169940680265426636e-01 -3.204340115189552307e-02 4.530000090599060059e-01
1.840000000000000000e+02 3.120000000000000000e+02 -1.001875549554824829e-01 -4.606918245553970337e-02 4.380000233650207520e-01
2.250000000000000000e+02 3.120000000000000000e+02 -7.218345999717712402e-02 -4.701581224799156189e-02 4.470000267028808594e-01
1.870000000000000000e+02 3.150000000000000000e+02 -9.803212434053421021e-02 -4.822444543242454529e-02 4.380000233650207520e-01
1.620000000000000000e+02 3.110000000000000000e+02 -1.181126013398170471e-01 -4.617908969521522522e-02 4.460000097751617432e-01
1.830000000000000000e+02 3.400000000000000000e+02 -1.015971601009368896e-01 -6.663826853036880493e-02 4.410000145435333252e-01
2.260000000000000000e+02 3.440000000000000000e+02 -7.145022600889205933e-02 -7.047764211893081665e-02 4.470000267028808594e-01
1.990000000000000000e+02 3.440000000000000000e+02 -9.022697061300277710e-02 -6.968930363655090332e-02 4.420000314712524414e-01
1.740000000000000000e+02 3.400000000000000000e+02 -1.081077232956886292e-01 -6.663826853036880493e-02 4.410000145435333252e-01
1.760000000000000000e+02 3.660000000000000000e+02 -1.107725799083709717e-01 -8.873894065618515015e-02 4.580000340938568115e-01
2.130000000000000000e+02 3.750000000000000000e+02 -8.025763928890228271e-02 -9.237223118543624878e-02 4.430000185966491699e-01
2.110000000000000000e+02 3.720000000000000000e+02 -8.171099424362182617e-02 -9.019236266613006592e-02 4.430000185966491699e-01
2.020000000000000000e+02 3.660000000000000000e+02 -8.864950388669967651e-02 -8.622014522552490234e-02 4.450000226497650146e-01
