9.100000000000000000e+01 1.320000000000000000e+02 -2.039909362792968750e-01 1.016822904348373413e-01 5.350000262260437012e-01
1.060000000000000000e+02 9.000000000000000000e+01 -1.894003599882125854e-01 1.375024318695068359e-01 5.310000181198120117e-01
1.360000000000000000e+02 6.000000000000000000e+01 -1.669592559337615967e-01 1.673291623592376709e-01 5.430000424385070801e-01
1.620000000000000000e+02 4.100000000000000000e+01 -1.467138528823852539e-01 1.879839152097702026e-01 5.540000200271606445e-01
1.760000000000000000e+02 2.300000000000000000e+01 -0.000000000000000000e+00 0.000000000000000000e+00 0.000000000000000000e+00
1.870000000000000000e+02 9.400000000000000000e+01 -1.266807913780212402e-01 1.428522169589996338e-01 5.660000443458557129e-01
2.210000000000000000e+02 8.700000000000000000e+01 -9.528189152479171753e-02 1.496146470308303833e-01 5.670000314712524414e-01
2.380000000000000000e+02 8.300000000000000000e+01 -0.000000000000000000e+00 0.000000000000000000e+00 0.000000000000000000e+00
2.550000000000000000e+02 8.100000000000000000e+01 -1.069968193769454956e-01 2.608475685119628906e-01 9.530000686645507812e-01
1.930000000000000000e+02 1.170000000000000000e+02 -1.215380951762199402e-01 1.219290345907211304e-01 5.680000185966491699e-01
2.310000000000000000e+02 1.140000000000000000e+02 -8.537451922893524170e-02 1.236260607838630676e-01 5.630000233650207520e-01
2.520000000000000000e+02 1.120000000000000000e+02 -6.539466232061386108e-02 1.243586316704750061e-01 5.580000281333923340e-01
2.680000000000000000e+02 1.110000000000000000e+02 -5.038579925894737244e-02 1.243758574128150940e-01 5.540000200271606445e-01
1.910000000000000000e+02 1.370000000000000000e+02 -1.242705732583999634e-01 1.040234714746475220e-01 5.720000267028808594e-01
2.270000000000000000e+02 1.370000000000000000e+02 -9.080883115530014038e-02 1.043871864676475525e-01 5.740000009536743164e-01
2.470000000000000000e+02 1.340000000000000000e+02 -7.109981030225753784e-02 1.059042066335678101e-01 5.670000314712524414e-01
2.630000000000000000e+02 1.330000000000000000e+02 -5.552447959780693054e-02 1.055152714252471924e-01 5.600000023841857910e-01
1.830000000000000000e+02 1.580000000000000000e+02 -1.322375684976577759e-01 8.461587131023406982e-02 5.740000009536743164e-01
2.110000000000000000e+02 1.610000000000000000e+02 -1.060582846403121948e-01 8.193390071392059326e-02 5.750000476837158203e-01
2.280000000000000000e+02 1.600000000000000000e+02 -8.908445388078689575e-02 8.201222121715545654e-02 5.690000057220458984e-01
2.440000000000000000e+02 1.600000000000000000e+02 -7.415068894624710083e-02 8.201222121715545654e-02 5.690000057220458984e-01
