5.700000000000000000e+01 3.590000000000000000e+02 -1.857519745826721191e-01 -7.746540009975433350e-02 4.250000119209289551e-01
8.600000000000000000e+01 3.070000000000000000e+02 -1.670926064252853394e-01 -4.160426929593086243e-02 4.290000200271606445e-01
1.330000000000000000e+02 2.810000000000000000e+02 -1.396413296461105347e-01 -2.428716421127319336e-02 4.470000267028808594e-01
1.730000000000000000e+02 2.680000000000000000e+02 -1.152474656701087952e-01 -1.541600842028856277e-02 4.670000076293945312e-01
1.970000000000000000e+02 2.520000000000000000e+02 -9.955877810716629028e-02 -3.248193301260471344e-03 4.800000190734863281e-01
1.680000000000000000e+02 3.110000000000000000e+02 -1.104082167148590088e-01 -4.483306407928466797e-02 4.330000281333923340e-01
2.050000000000000000e+02 3.100000000000000000e+02 -8.548817783594131470e-02 -4.483614489436149597e-02 4.400000274181365967e-01
1.810000000000000000e+02 3.150000000000000000e+02 -1.007073596119880676e-01 -4.745373502373695374e-02 4.310000240802764893e-01
1.560000000000000000e+02 3.160000000000000000e+02 -1.200301721692085266e-01 -4.883112013339996338e-02 4.370000064373016357e-01
1.710000000000000000e+02 3.420000000000000000e+02 -1.077772751450538635e-01 -6.654107570648193359e-02 4.310000240802764893e-01
2.130000000000000000e+02 3.400000000000000000e+02 -7.971413433551788330e-02 -6.648716330528259277e-02 4.400000274181365967e-01
1.740000000000000000e+02 3.420000000000000000e+02 -1.056563034653663635e-01 -6.654107570648193359e-02 4.310000240802764893e-01
1.480000000000000000e+02 3.410000000000000000e+02 -1.263404190540313721e-01 -6.705611199140548706e-02 4.390000104904174805e-01
1.710000000000000000e+02 3.680000000000000000e+02 -1.085274666547775269e-01 -8.551257848739624023e-02 4.340000152587890625e-01
2.150000000000000000e+02 3.710000000000000000e+02 -7.916005700826644897e-02 -8.986964821815490723e-02 4.450000226497650146e-01
1.870000000000000000e+02 3.700000000000000000e+02 -9.713685512542724609e-02 -8.693629503250122070e-02 4.340000152587890625e-01
1.560000000000000000e+02 3.680000000000000000e+02 -1.205795034766197205e-01 -8.649774640798568726e-02 4.390000104904174805e-01
1.670000000000000000e+02 3.950000000000000000e+02 -1.165076196193695068e-01 -1.095591709017753601e-01 4.540000259876251221e-01
2.020000000000000000e+02 4.000000000000000000e+02 -8.745422959327697754e-02 -1.095396801829338074e-01 4.390000104904174805e-01
2.060000000000000000e+02 4.030000000000000000e+02 -8.495906740427017212e-02 -1.122087463736534119e-01 4.410000145435333252e-01
2.000000000000000000e+02 4.050000000000000000e+02 -8.929944038391113281e-02 -1.136554181575775146e-01 4.410000145435333252e-01
