1.710000000000000000e+02 3.030000000000000000e+02 -1.282824575901031494e-01 -4.638480767607688904e-02 5.130000114440917969e-01
1.950000000000000000e+02 2.620000000000000000e+02 -1.078757494688034058e-01 -1.186270918697118759e-02 5.120000243186950684e-01
2.280000000000000000e+02 2.350000000000000000e+02 -8.203911781311035156e-02 1.106521207839250565e-02 5.240000486373901367e-01
2.550000000000000000e+02 2.170000000000000000e+02 -6.074006110429763794e-02 2.739674411714076996e-02 5.410000085830688477e-01
2.760000000000000000e+02 2.020000000000000000e+02 -7.354583591222763062e-02 7.110592722892761230e-02 9.450000524520874023e-01
2.740000000000000000e+02 2.700000000000000000e+02 -4.428441449999809265e-02 -1.981498487293720245e-02 5.460000038146972656e-01
3.100000000000000000e+02 2.700000000000000000e+02 -1.201959326863288879e-02 -1.977869495749473572e-02 5.450000166893005371e-01
3.310000000000000000e+02 2.720000000000000000e+02 6.692274473607540131e-03 -2.136868610978126526e-02 5.400000214576721191e-01
3.500000000000000000e+02 2.750000000000000000e+02 2.313025109469890594e-02 -2.362542599439620972e-02 5.310000181198120117e-01
2.760000000000000000e+02 2.940000000000000000e+02 -4.257097840309143066e-02 -4.138420149683952332e-02 5.470000505447387695e-01
3.160000000000000000e+02 2.980000000000000000e+02 -6.692277733236551285e-03 -4.505523666739463806e-02 5.480000376701354980e-01
3.400000000000000000e+02 3.020000000000000000e+02 1.197591610252857208e-02 -3.915131837129592896e-02 4.410000145435333252e-01
3.580000000000000000e+02 3.050000000000000000e+02 0.000000000000000000e+00 -0.000000000000000000e+00 0.000000000000000000e+00
2.710000000000000000e+02 3.150000000000000000e+02 -4.688528180122375488e-02 -6.000530347228050232e-02 5.450000166893005371e-01
3.080000000000000000e+02 3.190000000000000000e+02 -0.000000000000000000e+00 -0.000000000000000000e+00 0.000000000000000000e+00
3.300000000000000000e+02 3.210000000000000000e+02 0.000000000000000000e+00 -0.000000000000000000e+00 0.000000000000000000e+00
3.490000000000000000e+02 3.230000000000000000e+02 2.217538841068744659e-02 -6.518512964248657227e-02 5.290000438690185547e-01
2.600000000000000000e+02 3.350000000000000000e+02 -5.651105567812919617e-02 -7.759798318147659302e-02 5.430000424385070801e-01
2.910000000000000000e+02 3.400000000000000000e+02 -2.905866317451000214e-02 -8.250451833009719849e-02 5.460000038146972656e-01
3.090000000000000000e+02 3.400000000000000000e+02 -0.000000000000000000e+00 -0.000000000000000000e+00 0.000000000000000000e+00
3.260000000000000000e+02 3.430000000000000000e+02 0.000000000000000000e+00 -0.000000000000000000e+00 0.000000000000000000e+00
