2.120000000000000000e+02 3.360000000000000000e+02 -7.897341996431350708e-02 -6.244399026036262512e-02 4.320000112056732178e-01
2.480000000000000000e+02 2.930000000000000000e+02 -5.321514606475830078e-02 -3.182706981897354126e-02 4.300000071525573730e-01
2.940000000000000000e+02 2.740000000000000000e+02 -2.120367437601089478e-02 -1.881207153201103210e-02 4.390000104904174805e-01
3.340000000000000000e+02 2.670000000000000000e+02 7.877941243350505829e-03 -1.427357736974954605e-02 4.550000131130218506e-01
3.600000000000000000e+02 2.560000000000000000e+02 2.806283533573150635e-02 -6.237496621906757355e-03 4.680000245571136475e-01
3.250000000000000000e+02 3.060000000000000000e+02 1.124984933994710445e-03 -4.204468056559562683e-02 4.410000145435333252e-01
3.650000000000000000e+02 3.130000000000000000e+02 2.971997484564781189e-02 -4.657396301627159119e-02 4.360000193119049072e-01
3.510000000000000000e+02 3.150000000000000000e+02 1.939086429774761200e-02 -4.723353311419487000e-02 4.290000200271606445e-01
3.320000000000000000e+02 3.130000000000000000e+02 6.006318144500255585e-03 -4.571939632296562195e-02 4.280000329017639160e-01
3.230000000000000000e+02 3.350000000000000000e+02 -3.108601085841655731e-04 -6.087797880172729492e-02 4.260000288486480713e-01
3.670000000000000000e+02 3.430000000000000000e+02 3.115036338567733765e-02 -6.802815198898315430e-02 4.360000193119049072e-01
3.440000000000000000e+02 3.410000000000000000e+02 1.429629791527986526e-02 -6.476490199565887451e-02 4.240000247955322266e-01
3.220000000000000000e+02 3.350000000000000000e+02 -1.009650295600295067e-03 -6.087797880172729492e-02 4.260000288486480713e-01
3.190000000000000000e+02 3.590000000000000000e+02 -0.000000000000000000e+00 -0.000000000000000000e+00 0.000000000000000000e+00
3.630000000000000000e+02 3.700000000000000000e+02 2.854912541806697845e-02 -8.813817799091339111e-02 4.400000274181365967e-01
3.550000000000000000e+02 3.690000000000000000e+02 2.246451564133167267e-02 -8.622442930936813354e-02 4.340000152587890625e-01
3.320000000000000000e+02 3.630000000000000000e+02 5.992284510284662247e-03 -8.063144981861114502e-02 4.270000159740447998e-01
3.070000000000000000e+02 3.830000000000000000e+02 -1.240866445004940033e-02 -1.019530296325683594e-01 4.600000083446502686e-01
3.360000000000000000e+02 3.970000000000000000e+02 9.411851875483989716e-03 -1.117822974920272827e-01 4.570000171661376953e-01
3.500000000000000000e+02 4.030000000000000000e+02 1.925343088805675507e-02 -1.124631911516189575e-01 4.420000314712524414e-01
3.550000000000000000e+02 4.050000000000000000e+02 2.261980064213275909e-02 -1.126245260238647461e-01 4.370000064373016357e-01
