1.210000000000000000e+02 2.500000000000000000e+02 -1.753387153148651123e-01 -1.840931014157831669e-03 5.279999971389770508e-01
1.420000000000000000e+02 2.100000000000000000e+02 -0.000000000000000000e+00 0.000000000000000000e+00 0.000000000000000000e+00
1.740000000000000000e+02 1.830000000000000000e+02 -1.323768049478530884e-01 5.746069923043251038e-02 5.400000214576721191e-01
2.010000000000000000e+02 1.670000000000000000e+02 -0.000000000000000000e+00 0.000000000000000000e+00 0.000000000000000000e+00
2.180000000000000000e+02 1.530000000000000000e+02 -0.000000000000000000e+00 0.000000000000000000e+00 0.000000000000000000e+00
2.200000000000000000e+02 2.170000000000000000e+02 -9.519385546445846558e-02 2.840956300497055054e-02 5.610000491142272949e-01
2.560000000000000000e+02 2.160000000000000000e+02 -6.206530332565307617e-02 2.932973206043243408e-02 5.610000491142272949e-01
2.750000000000000000e+02 2.170000000000000000e+02 -4.410398378968238831e-02 2.810571715235710144e-02 5.550000071525573730e-01
2.920000000000000000e+02 2.180000000000000000e+02 -0.000000000000000000e+00 0.000000000000000000e+00 0.000000000000000000e+00
2.240000000000000000e+02 2.390000000000000000e+02 -9.167603403329849243e-02 8.180417120456695557e-03 5.620000362396240234e-01
2.630000000000000000e+02 2.420000000000000000e+02 -5.592108517885208130e-02 5.434262100607156754e-03 5.640000104904174805e-01
2.850000000000000000e+02 2.440000000000000000e+02 -3.506309166550636292e-02 3.533246694132685661e-03 5.560000538825988770e-01
3.030000000000000000e+02 2.460000000000000000e+02 -1.844522170722484589e-02 1.690866309218108654e-03 5.500000119209289551e-01
2.200000000000000000e+02 2.580000000000000000e+02 -9.587258845567703247e-02 -9.383767843246459961e-03 5.649999976158142090e-01
2.570000000000000000e+02 2.630000000000000000e+02 -6.147203594446182251e-02 -1.399260479956865311e-02 5.640000104904174805e-01
2.770000000000000000e+02 2.640000000000000000e+02 -4.266411811113357544e-02 -1.481189392507076263e-02 5.600000023841857910e-01
2.950000000000000000e+02 2.670000000000000000e+02 -2.575609274208545685e-02 -1.731651648879051208e-02 5.520000457763671875e-01
2.090000000000000000e+02 2.780000000000000000e+02 -1.055041998624801636e-01 -2.777011319994926453e-02 5.620000362396240234e-01
2.380000000000000000e+02 2.850000000000000000e+02 -7.905005663633346558e-02 -3.434456139802932739e-02 5.640000104904174805e-01
2.560000000000000000e+02 2.870000000000000000e+02 -6.228656694293022156e-02 -3.613056614995002747e-02 5.630000233650207520e-01
2.730000000000000000e+02 2.900000000000000000e+02 -7.860997319221496582e-02 -6.564097106456756592e-02 9.500000476837158203e-01
