9.300000000000000000e+01 1.430000000000000000e+02 -2.018577605485916138e-01 9.185753762722015381e-02 5.340000391006469727e-01
1.090000000000000000e+02 1.020000000000000000e+02 -1.871390491724014282e-01 1.272901594638824463e-01 5.320000052452087402e-01
1.380000000000000000e+02 7.400000000000000000e+01 -1.654820293188095093e-01 1.551453322172164917e-01 5.440000295639038086e-01
1.640000000000000000e+02 5.600000000000000000e+01 -1.451578885316848755e-01 1.746683269739151001e-01 5.550000071525573730e-01
1.800000000000000000e+02 4.000000000000000000e+01 -2.280058115720748901e-01 3.303915858268737793e-01 9.690000414848327637e-01
1.890000000000000000e+02 1.080000000000000000e+02 -1.243828311562538147e-01 1.293961703777313232e-01 5.640000104904174805e-01
2.230000000000000000e+02 1.030000000000000000e+02 -0.000000000000000000e+00 0.000000000000000000e+00 0.000000000000000000e+00
2.410000000000000000e+02 1.000000000000000000e+02 -1.299643218517303467e-01 2.330883145332336426e-01 9.610000252723693848e-01
2.580000000000000000e+02 9.800000000000000000e+01 -1.027364581823348999e-01 2.352575212717056274e-01 9.570000171661376953e-01
1.940000000000000000e+02 1.320000000000000000e+02 -1.203940510749816895e-01 1.077642217278480530e-01 5.670000314712524414e-01
2.330000000000000000e+02 1.300000000000000000e+02 -8.367584645748138428e-02 1.090442165732383728e-01 5.640000104904174805e-01
2.540000000000000000e+02 1.280000000000000000e+02 -6.470316648483276367e-02 1.116808876395225525e-01 5.680000185966491699e-01
2.710000000000000000e+02 1.270000000000000000e+02 -0.000000000000000000e+00 0.000000000000000000e+00 0.000000000000000000e+00
1.930000000000000000e+02 1.520000000000000000e+02 -1.223940029740333557e-01 8.995031565427780151e-02 5.720000267028808594e-01
2.290000000000000000e+02 1.530000000000000000e+02 -8.861587196588516235e-02 8.901210129261016846e-02 5.720000267028808594e-01
2.490000000000000000e+02 1.510000000000000000e+02 -6.911754608154296875e-02 8.993515372276306152e-02 5.660000443458557129e-01
2.650000000000000000e+02 1.510000000000000000e+02 -5.349554866552352905e-02 8.866398036479949951e-02 5.580000281333923340e-01
1.840000000000000000e+02 1.720000000000000000e+02 -1.306098103523254395e-01 7.106164842844009399e-02 5.710000395774841309e-01
2.130000000000000000e+02 1.750000000000000000e+02 -1.036283746361732483e-01 6.837146729230880737e-02 5.720000267028808594e-01
2.290000000000000000e+02 1.750000000000000000e+02 -8.815109729766845703e-02 6.801287084817886353e-02 5.690000057220458984e-01
2.450000000000000000e+02 1.750000000000000000e+02 -0.000000000000000000e+00 0.000000000000000000e+00 0.000000000000000000e+00
