9.800000000000000000e+01 1.690000000000000000e+02 -1.959987878799438477e-01 6.856711208820343018e-02 5.300000309944152832e-01
1.140000000000000000e+02 1.290000000000000000e+02 -1.817450225353240967e-01 1.031449809670448303e-01 5.290000438690185547e-01
1.440000000000000000e+02 1.010000000000000000e+02 -1.595392376184463501e-01 1.305718421936035156e-01 5.420000553131103516e-01
1.710000000000000000e+02 8.300000000000000000e+01 -1.367846280336380005e-01 1.479260772466659546e-01 5.470000505447387695e-01
1.870000000000000000e+02 6.700000000000000000e+01 -0.000000000000000000e+00 0.000000000000000000e+00 0.000000000000000000e+00
1.960000000000000000e+02 1.330000000000000000e+02 -0.000000000000000000e+00 0.000000000000000000e+00 0.000000000000000000e+00
2.300000000000000000e+02 1.280000000000000000e+02 -0.000000000000000000e+00 0.000000000000000000e+00 0.000000000000000000e+00
2.490000000000000000e+02 1.270000000000000000e+02 -6.814061105251312256e-02 1.106299236416816711e-01 5.580000281333923340e-01
2.660000000000000000e+02 1.270000000000000000e+02 -0.000000000000000000e+00 0.000000000000000000e+00 0.000000000000000000e+00
2.010000000000000000e+02 1.550000000000000000e+02 -1.138834878802299500e-01 8.637399971485137939e-02 5.670000314712524414e-01
2.390000000000000000e+02 1.530000000000000000e+02 -7.840193808078765869e-02 8.807840943336486816e-02 5.660000443458557129e-01
2.600000000000000000e+02 1.520000000000000000e+02 -5.807213112711906433e-02 8.774872869253158569e-02 5.580000281333923340e-01
2.780000000000000000e+02 1.520000000000000000e+02 -4.077643528580665588e-02 8.601891994476318359e-02 5.470000505447387695e-01
1.990000000000000000e+02 1.760000000000000000e+02 -1.161519065499305725e-01 6.707958132028579712e-02 5.690000057220458984e-01
2.340000000000000000e+02 1.760000000000000000e+02 -8.392446488142013550e-02 6.743325293064117432e-02 5.720000267028808594e-01
2.540000000000000000e+02 1.760000000000000000e+02 -6.379185616970062256e-02 6.601856648921966553e-02 5.600000023841857910e-01
2.710000000000000000e+02 1.750000000000000000e+02 -4.783159494400024414e-02 6.645897775888442993e-02 5.560000538825988770e-01
1.890000000000000000e+02 1.970000000000000000e+02 -1.252649873495101929e-01 4.739704355597496033e-02 5.680000185966491699e-01
2.180000000000000000e+02 2.000000000000000000e+02 -9.910993278026580811e-02 4.499471932649612427e-02 5.730000138282775879e-01
2.350000000000000000e+02 2.000000000000000000e+02 -8.240585774183273315e-02 4.460209608078002930e-02 5.680000185966491699e-01
2.520000000000000000e+02 2.000000000000000000e+02 -0.000000000000000000e+00 0.000000000000000000e+00 0.000000000000000000e+00
