1.370000000000000000e+02 2.790000000000000000e+02 -1.596460044384002686e-01 -2.664979174733161926e-02 5.220000147819519043e-01
1.590000000000000000e+02 2.390000000000000000e+02 -0.000000000000000000e+00 0.000000000000000000e+00 0.000000000000000000e+00
1.920000000000000000e+02 2.120000000000000000e+02 -1.155701056122779846e-01 3.153935074806213379e-02 5.360000133514404297e-01
2.210000000000000000e+02 1.960000000000000000e+02 -0.000000000000000000e+00 0.000000000000000000e+00 0.000000000000000000e+00
2.400000000000000000e+02 1.820000000000000000e+02 -1.323619633913040161e-01 1.044833213090896606e-01 9.670000672340393066e-01
2.400000000000000000e+02 2.460000000000000000e+02 -7.624159008264541626e-02 1.712386496365070343e-03 5.570000410079956055e-01
2.760000000000000000e+02 2.450000000000000000e+02 -0.000000000000000000e+00 0.000000000000000000e+00 0.000000000000000000e+00
2.950000000000000000e+02 2.470000000000000000e+02 -2.547613345086574554e-02 7.830042159184813499e-04 5.460000038146972656e-01
3.130000000000000000e+02 2.500000000000000000e+02 -9.371884167194366455e-03 -1.907176920212805271e-03 5.470000505447387695e-01
2.440000000000000000e+02 2.690000000000000000e+02 -7.271719723939895630e-02 -1.933523453772068024e-02 5.580000281333923340e-01
2.820000000000000000e+02 2.710000000000000000e+02 -3.786718100309371948e-02 -2.112779766321182251e-02 5.570000410079956055e-01
3.040000000000000000e+02 2.740000000000000000e+02 -1.744733937084674835e-02 -2.344009838998317719e-02 5.470000505447387695e-01
3.220000000000000000e+02 2.760000000000000000e+02 -1.282208366319537163e-03 -2.495771087706089020e-02 5.410000085830688477e-01
2.390000000000000000e+02 2.880000000000000000e+02 -7.715526223182678223e-02 -3.665912151336669922e-02 5.570000410079956055e-01
2.760000000000000000e+02 2.920000000000000000e+02 -4.350489005446434021e-02 -4.045829921960830688e-02 5.590000152587890625e-01
2.960000000000000000e+02 2.940000000000000000e+02 -2.494065463542938232e-02 -4.191379621624946594e-02 5.540000200271606445e-01
3.140000000000000000e+02 2.970000000000000000e+02 -8.459118194878101349e-03 -4.399523511528968811e-02 5.460000038146972656e-01
2.280000000000000000e+02 3.090000000000000000e+02 -8.704914152622222900e-02 -5.574461817741394043e-02 5.560000538825988770e-01
2.560000000000000000e+02 3.140000000000000000e+02 -6.184403225779533386e-02 -6.062983348965644836e-02 5.590000152587890625e-01
2.740000000000000000e+02 3.160000000000000000e+02 -4.525769874453544617e-02 -6.235186755657196045e-02 5.580000281333923340e-01
2.910000000000000000e+02 3.190000000000000000e+02 -2.937799133360385895e-02 -6.439764052629470825e-02 5.520000457763671875e-01
