1.850000000000000000e+02 3.250000000000000000e+02 -9.697099775075912476e-02 -5.401710420846939087e-02 4.270000159740447998e-01
2.180000000000000000e+02 2.820000000000000000e+02 -7.385679334402084351e-02 -2.390086650848388672e-02 4.270000159740447998e-01
2.600000000000000000e+02 2.590000000000000000e+02 -4.610386118292808533e-02 -8.084160275757312775e-03 4.430000185966491699e-01
2.940000000000000000e+02 2.470000000000000000e+02 -2.236287295818328857e-02 6.639761268161237240e-04 4.630000293254852295e-01
3.140000000000000000e+02 2.320000000000000000e+02 -7.359123323112726212e-03 1.236781384795904160e-02 4.750000238418579102e-01
2.970000000000000000e+02 2.830000000000000000e+02 -1.882643438875675201e-02 -2.500454336404800415e-02 4.340000152587890625e-01
3.320000000000000000e+02 2.840000000000000000e+02 6.174719426780939102e-03 -2.607193030416965485e-02 4.400000274181365967e-01
3.100000000000000000e+02 2.890000000000000000e+02 -9.527457877993583679e-03 -2.914078719913959503e-02 4.320000112056732178e-01
2.860000000000000000e+02 2.870000000000000000e+02 -2.690316736698150635e-02 -2.810868248343467712e-02 4.380000233650207520e-01
3.000000000000000000e+02 3.110000000000000000e+02 -1.657532155513763428e-02 -4.462598264217376709e-02 4.310000240802764893e-01
3.380000000000000000e+02 3.120000000000000000e+02 1.048137340694665909e-02 -4.617436230182647705e-02 4.390000104904174805e-01
3.090000000000000000e+02 3.140000000000000000e+02 -1.018870063126087189e-02 -4.663833230733871460e-02 4.300000071525573730e-01
2.860000000000000000e+02 3.120000000000000000e+02 -2.671889960765838623e-02 -4.575364291667938232e-02 4.350000321865081787e-01
2.970000000000000000e+02 3.370000000000000000e+02 -1.882643438875675201e-02 -6.344494223594665527e-02 4.340000152587890625e-01
3.390000000000000000e+02 3.420000000000000000e+02 1.135458517819643021e-02 -6.870250403881072998e-02 4.450000226497650146e-01
3.180000000000000000e+02 3.430000000000000000e+02 -3.885194193571805954e-03 -6.787212938070297241e-02 4.350000321865081787e-01
2.950000000000000000e+02 3.400000000000000000e+02 -2.025026082992553711e-02 -6.558051705360412598e-02 4.340000152587890625e-01
2.870000000000000000e+02 3.620000000000000000e+02 -2.702164836227893829e-02 -8.461087942123413086e-02 4.520000219345092773e-01
3.180000000000000000e+02 3.720000000000000000e+02 -3.920920193195343018e-03 -8.937798440456390381e-02 4.390000104904174805e-01
3.250000000000000000e+02 3.760000000000000000e+02 1.112230005674064159e-03 -9.162776172161102295e-02 4.360000193119049072e-01
3.270000000000000000e+02 3.770000000000000000e+02 2.542617265135049820e-03 -9.234289824962615967e-02 4.360000193119049072e-01
