1.570000000000000000e+02 2.990000000000000000e+02 -1.408825516700744629e-01 -4.327063262462615967e-02 5.160000324249267578e-01
1.810000000000000000e+02 2.580000000000000000e+02 -1.215030848979949951e-01 -8.636388927698135376e-03 5.200000405311584473e-01
2.150000000000000000e+02 2.320000000000000000e+02 -9.428052604198455811e-02 1.379987597465515137e-02 5.300000309944152832e-01
2.420000000000000000e+02 2.150000000000000000e+02 -7.334544509649276733e-02 2.960284240543842316e-02 5.490000247955322266e-01
2.620000000000000000e+02 2.000000000000000000e+02 -5.593912303447723389e-02 4.358127340674400330e-02 5.550000071525573730e-01
2.600000000000000000e+02 2.660000000000000000e+02 -5.734362453222274780e-02 -1.638137735426425934e-02 5.509999990463256836e-01
2.970000000000000000e+02 2.650000000000000000e+02 -2.390176244080066681e-02 -1.547761168330907822e-02 5.509999990463256836e-01
3.170000000000000000e+02 2.670000000000000000e+02 -5.719361826777458191e-03 -1.697143912315368652e-02 5.410000085830688477e-01
3.340000000000000000e+02 2.690000000000000000e+02 9.280388243496417999e-03 -1.857291162014007568e-02 5.360000133514404297e-01
2.630000000000000000e+02 2.900000000000000000e+02 -5.483042821288108826e-02 -3.820995241403579712e-02 5.530000329017639160e-01
3.010000000000000000e+02 2.920000000000000000e+02 -2.036006189882755280e-02 -4.002404585480690002e-02 5.530000329017639160e-01
3.230000000000000000e+02 2.950000000000000000e+02 -0.000000000000000000e+00 -0.000000000000000000e+00 0.000000000000000000e+00
3.400000000000000000e+02 2.960000000000000000e+02 0.000000000000000000e+00 -0.000000000000000000e+00 0.000000000000000000e+00
2.580000000000000000e+02 3.100000000000000000e+02 -5.958070605993270874e-02 -5.655467882752418518e-02 5.550000071525573730e-01
2.940000000000000000e+02 3.130000000000000000e+02 -2.666156738996505737e-02 -5.896520242094993591e-02 5.520000457763671875e-01
3.150000000000000000e+02 3.150000000000000000e+02 -0.000000000000000000e+00 -0.000000000000000000e+00 0.000000000000000000e+00
3.320000000000000000e+02 3.170000000000000000e+02 0.000000000000000000e+00 -0.000000000000000000e+00 0.000000000000000000e+00
2.480000000000000000e+02 3.310000000000000000e+02 -6.806588172912597656e-02 -7.498981803655624390e-02 5.500000119209289551e-01
2.780000000000000000e+02 3.360000000000000000e+02 -4.114916175603866577e-02 -7.978954911231994629e-02 5.520000457763671875e-01
2.960000000000000000e+02 3.370000000000000000e+02 -2.467054128646850586e-02 -8.011020720005035400e-02 5.480000376701354980e-01
3.140000000000000000e+02 3.390000000000000000e+02 -0.000000000000000000e+00 -0.000000000000000000e+00 0.000000000000000000e+00
