2.040000000000000000e+02 3.400000000000000000e+02 -8.307502418756484985e-02 -6.406944990158081055e-02 4.240000247955322266e-01
2.330000000000000000e+02 2.970000000000000000e+02 -6.290525197982788086e-02 -3.416479751467704773e-02 4.240000247955322266e-01
2.780000000000000000e+02 2.750000000000000000e+02 -3.265096619725227356e-02 -1.948763988912105560e-02 4.380000233650207520e-01
3.150000000000000000e+02 2.660000000000000000e+02 -6.372167263180017471e-03 -1.367592345923185349e-02 4.600000083446502686e-01
3.370000000000000000e+02 2.530000000000000000e+02 1.049502193927764893e-02 -3.968244884163141251e-03 4.720000326633453369e-01
3.150000000000000000e+02 3.020000000000000000e+02 -5.998149048537015915e-03 -3.844109177589416504e-02 4.330000281333923340e-01
3.510000000000000000e+02 3.050000000000000000e+02 1.979766599833965302e-02 -4.104024171829223633e-02 4.380000233650207520e-01
3.320000000000000000e+02 3.080000000000000000e+02 6.034384947270154953e-03 -4.240654036402702332e-02 4.300000071525573730e-01
3.090000000000000000e+02 3.060000000000000000e+02 -1.030717417597770691e-02 -4.147264733910560608e-02 4.350000321865081787e-01
3.160000000000000000e+02 3.300000000000000000e+02 -5.251239519566297531e-03 -5.792310088872909546e-02 4.300000071525573730e-01
3.560000000000000000e+02 3.330000000000000000e+02 2.333663403987884521e-02 -6.101638078689575195e-02 4.370000064373016357e-01
3.270000000000000000e+02 3.340000000000000000e+02 2.495963824912905693e-03 -6.046177074313163757e-02 4.280000329017639160e-01
3.040000000000000000e+02 3.300000000000000000e+02 -1.381114777177572250e-02 -5.832722038030624390e-02 4.330000281333923340e-01
3.120000000000000000e+02 3.560000000000000000e+02 -8.110193535685539246e-03 -7.661556452512741089e-02 4.320000112056732178e-01
3.550000000000000000e+02 3.620000000000000000e+02 2.287860959768295288e-02 -8.273895829916000366e-02 4.420000314712524414e-01
3.350000000000000000e+02 3.610000000000000000e+02 8.188348263502120972e-03 -8.015845715999603271e-02 4.320000112056732178e-01
3.110000000000000000e+02 3.570000000000000000e+02 -8.818824775516986847e-03 -7.732414454221725464e-02 4.320000112056732178e-01
3.020000000000000000e+02 3.810000000000000000e+02 -1.582970470190048218e-02 -9.826045483350753784e-02 4.500000178813934326e-01
3.340000000000000000e+02 3.910000000000000000e+02 7.548972498625516891e-03 -1.023548617959022522e-01 4.360000193119049072e-01
3.430000000000000000e+02 3.960000000000000000e+02 1.388948410749435425e-02 -1.052016764879226685e-01 4.330000281333923340e-01
3.460000000000000000e+02 3.980000000000000000e+02 1.605729945003986359e-02 -1.068683564662933350e-01 4.340000152587890625e-01
