5.600000000000000000e+01 3.630000000000000000e+02 -1.873265355825424194e-01 -8.063144981861114502e-02 4.270000159740447998e-01
7.900000000000000000e+01 3.110000000000000000e+02 -1.716176122426986694e-01 -4.431536048650741577e-02 4.280000329017639160e-01
1.260000000000000000e+02 2.810000000000000000e+02 -1.444500982761383057e-01 -2.423282898962497711e-02 4.460000097751617432e-01
1.660000000000000000e+02 2.660000000000000000e+02 -1.203515157103538513e-01 -1.385430525988340378e-02 4.660000205039978027e-01
1.890000000000000000e+02 2.470000000000000000e+02 -1.056372001767158508e-01 6.869213539175689220e-04 4.790000319480895996e-01
1.670000000000000000e+02 3.120000000000000000e+02 -1.111185029149055481e-01 -4.554327949881553650e-02 4.330000281333923340e-01
2.060000000000000000e+02 3.090000000000000000e+02 -8.476641774177551270e-02 -4.411444440484046936e-02 4.400000274181365967e-01
1.850000000000000000e+02 3.150000000000000000e+02 -9.810648858547210693e-02 -4.756383597850799561e-02 4.320000112056732178e-01
1.600000000000000000e+02 3.170000000000000000e+02 -1.166266202926635742e-01 -4.932114109396934509e-02 4.350000321865081787e-01
1.710000000000000000e+02 3.420000000000000000e+02 -1.072771474719047546e-01 -6.623230129480361938e-02 4.290000200271606445e-01
2.110000000000000000e+02 3.400000000000000000e+02 -8.134209364652633667e-02 -6.663826853036880493e-02 4.410000145435333252e-01
1.760000000000000000e+02 3.430000000000000000e+02 -1.037585884332656860e-01 -6.693595647811889648e-02 4.290000200271606445e-01
1.500000000000000000e+02 3.430000000000000000e+02 -1.237621530890464783e-01 -6.787212938070297241e-02 4.350000321865081787e-01
1.710000000000000000e+02 3.680000000000000000e+02 -1.080273389816284180e-01 -8.511850982904434204e-02 4.320000112056732178e-01
2.130000000000000000e+02 3.700000000000000000e+02 -8.061997592449188232e-02 -8.913974463939666748e-02 4.450000226497650146e-01
1.850000000000000000e+02 3.690000000000000000e+02 -9.856068342924118042e-02 -8.622442930936813354e-02 4.340000152587890625e-01
1.540000000000000000e+02 3.680000000000000000e+02 -1.217417865991592407e-01 -8.630071580410003662e-02 4.380000233650207520e-01
1.660000000000000000e+02 3.950000000000000000e+02 -1.175106018781661987e-01 -1.098004877567291260e-01 4.550000131130218506e-01
2.010000000000000000e+02 4.000000000000000000e+02 -8.777263760566711426e-02 -1.090406328439712524e-01 4.370000064373016357e-01
2.050000000000000000e+02 4.030000000000000000e+02 -8.529388159513473511e-02 -1.116998568177223206e-01 4.390000104904174805e-01
1.990000000000000000e+02 4.040000000000000000e+02 -8.941043913364410400e-02 -1.121638417243957520e-01 4.380000233650207520e-01
