2.170000000000000000e+02 3.440000000000000000e+02 -7.368418574333190918e-02 -6.653594225645065308e-02 4.220000207424163818e-01
2.540000000000000000e+02 3.000000000000000000e+02 -4.818563535809516907e-02 -3.616566956043243408e-02 4.230000078678131104e-01
2.990000000000000000e+02 2.810000000000000000e+02 -1.740260794758796692e-02 -2.358082495629787445e-02 4.340000152587890625e-01
3.390000000000000000e+02 2.750000000000000000e+02 1.153319608420133591e-02 -2.011053264141082764e-02 4.520000219345092773e-01
3.640000000000000000e+02 2.650000000000000000e+02 3.053485229611396790e-02 -1.289332844316959381e-02 4.590000212192535400e-01
3.290000000000000000e+02 3.080000000000000000e+02 3.954779822379350662e-03 -4.280102252960205078e-02 4.340000152587890625e-01
3.670000000000000000e+02 3.130000000000000000e+02 3.107891976833343506e-02 -4.646714031696319580e-02 4.350000321865081787e-01
3.480000000000000000e+02 3.170000000000000000e+02 1.727973110973834991e-02 -4.864084720611572266e-02 4.290000200271606445e-01
3.260000000000000000e+02 3.160000000000000000e+02 1.810658257454633713e-03 -4.827241227030754089e-02 4.320000112056732178e-01
3.270000000000000000e+02 3.370000000000000000e+02 2.501795534044504166e-03 -6.271401047706604004e-02 4.290000200271606445e-01
3.730000000000000000e+02 3.420000000000000000e+02 3.544152528047561646e-02 -6.731301546096801758e-02 4.360000193119049072e-01
3.440000000000000000e+02 3.410000000000000000e+02 1.439744979143142700e-02 -6.522314250469207764e-02 4.270000159740447998e-01
3.220000000000000000e+02 3.360000000000000000e+02 -1.021500560455024242e-03 -6.229944527149200439e-02 4.310000240802764893e-01
3.230000000000000000e+02 3.610000000000000000e+02 -3.181572828907519579e-04 -8.090066164731979370e-02 4.360000193119049072e-01
3.670000000000000000e+02 3.700000000000000000e+02 3.136470168828964233e-02 -8.793786168098449707e-02 4.390000104904174805e-01
3.520000000000000000e+02 3.680000000000000000e+02 2.023509703576564789e-02 -8.511850982904434204e-02 4.320000112056732178e-01
3.290000000000000000e+02 3.610000000000000000e+02 3.927442710846662521e-03 -7.997290045022964478e-02 4.310000240802764893e-01
3.130000000000000000e+02 3.870000000000000000e+02 -7.744225673377513885e-03 -1.031454652547836304e-01 4.520000219345092773e-01
3.420000000000000000e+02 3.990000000000000000e+02 1.360532920807600021e-02 -1.108026653528213501e-01 4.470000267028808594e-01
3.550000000000000000e+02 4.040000000000000000e+02 2.256803959608078003e-02 -1.116516813635826111e-01 4.360000193119049072e-01
3.600000000000000000e+02 4.030000000000000000e+02 2.596411854028701782e-02 -1.101732179522514343e-01 4.330000281333923340e-01
