1.220000000000000000e+02 3.090000000000000000e+02 -1.434112042188644409e-01 -4.351288080215454102e-02 4.340000152587890625e-01
1.510000000000000000e+02 2.610000000000000000e+02 -1.227657273411750793e-01 -9.343640878796577454e-03 4.340000152587890625e-01
1.950000000000000000e+02 2.360000000000000000e+02 -9.523406624794006348e-02 8.803417906165122986e-03 4.520000219345092773e-01
2.340000000000000000e+02 2.250000000000000000e+02 -6.939907371997833252e-02 1.774653606116771698e-02 4.730000197887420654e-01
2.550000000000000000e+02 2.110000000000000000e+02 -5.434046313166618347e-02 2.927343547344207764e-02 4.840000271797180176e-01
2.320000000000000000e+02 2.620000000000000000e+02 -6.630079448223114014e-02 -1.024085469543933868e-02 4.420000314712524414e-01
2.680000000000000000e+02 2.600000000000000000e+02 -4.074519500136375427e-02 -8.910225704312324524e-03 4.480000138282775879e-01
2.460000000000000000e+02 2.650000000000000000e+02 -5.576917901635169983e-02 -1.233152765780687332e-02 4.390000104904174805e-01
2.210000000000000000e+02 2.650000000000000000e+02 -7.494836300611495972e-02 -1.252815779298543930e-02 4.460000097751617432e-01
2.360000000000000000e+02 2.910000000000000000e+02 -6.297032535076141357e-02 -3.105309791862964630e-02 4.390000104904174805e-01
2.740000000000000000e+02 2.890000000000000000e+02 -3.625482320785522461e-02 -3.015262074768543243e-02 4.470000267028808594e-01
2.390000000000000000e+02 2.920000000000000000e+02 -6.080998107790946960e-02 -3.177315369248390198e-02 4.390000104904174805e-01
2.160000000000000000e+02 2.890000000000000000e+02 -7.825385779142379761e-02 -2.995025366544723511e-02 4.440000355243682861e-01
2.350000000000000000e+02 3.180000000000000000e+02 -6.398060172796249390e-02 -5.072477087378501892e-02 4.410000145435333252e-01
2.710000000000000000e+02 3.190000000000000000e+02 -3.871262073516845703e-02 -5.249807611107826233e-02 4.500000178813934326e-01
2.440000000000000000e+02 3.190000000000000000e+02 -5.747004225850105286e-02 -5.144811421632766724e-02 4.410000145435333252e-01
2.190000000000000000e+02 3.180000000000000000e+02 -7.624024152755737305e-02 -5.118485912680625916e-02 4.450000226497650146e-01
2.270000000000000000e+02 3.440000000000000000e+02 -7.277362793684005737e-02 -7.252732664346694946e-02 4.600000083446502686e-01
2.570000000000000000e+02 3.520000000000000000e+02 -4.850187525153160095e-02 -7.600152492523193359e-02 4.450000226497650146e-01
2.600000000000000000e+02 3.520000000000000000e+02 -4.631200432777404785e-02 -7.600152492523193359e-02 4.450000226497650146e-01
2.600000000000000000e+02 3.490000000000000000e+02 -4.631200432777404785e-02 -7.381181418895721436e-02 4.450000226497650146e-01
