1.400000000000000000e+02 3.080000000000000000e+02 -1.305967718362808228e-01 -4.280102252960205078e-02 4.340000152587890625e-01
1.730000000000000000e+02 2.610000000000000000e+02 -1.071036383509635925e-01 -9.343640878796577454e-03 4.340000152587890625e-01
2.150000000000000000e+02 2.370000000000000000e+02 -8.076105266809463501e-02 8.097707293927669525e-03 4.540000259876251221e-01
2.510000000000000000e+02 2.260000000000000000e+02 -5.620899796485900879e-02 1.697070896625518799e-02 4.730000197887420654e-01
2.710000000000000000e+02 2.130000000000000000e+02 -8.430747687816619873e-02 5.605780705809593201e-02 9.800000190734863281e-01
2.490000000000000000e+02 2.630000000000000000e+02 -5.360883474349975586e-02 -1.089140679687261581e-02 4.390000104904174805e-01
2.850000000000000000e+02 2.610000000000000000e+02 -2.812614664435386658e-02 -9.601989760994911194e-03 4.460000097751617432e-01
2.690000000000000000e+02 2.650000000000000000e+02 -3.965308517217636108e-02 -1.247197855263948441e-02 4.440000355243682861e-01
2.480000000000000000e+02 2.640000000000000000e+02 -5.420519411563873291e-02 -1.158501766622066498e-02 4.380000233650207520e-01
2.530000000000000000e+02 2.920000000000000000e+02 -5.038171261548995972e-02 -3.155602887272834778e-02 4.360000193119049072e-01
2.900000000000000000e+02 2.900000000000000000e+02 -2.424871549010276794e-02 -3.054032474756240845e-02 4.420000314712524414e-01
2.590000000000000000e+02 2.920000000000000000e+02 -4.619626328349113464e-02 -3.162840381264686584e-02 4.370000064373016357e-01
2.380000000000000000e+02 2.890000000000000000e+02 -6.138993799686431885e-02 -2.954552136361598969e-02 4.380000233650207520e-01
2.520000000000000000e+02 3.180000000000000000e+02 -5.168287828564643860e-02 -5.072477087378501892e-02 4.410000145435333252e-01
2.880000000000000000e+02 3.200000000000000000e+02 -2.604763954877853394e-02 -5.299957096576690674e-02 4.480000138282775879e-01
2.660000000000000000e+02 3.200000000000000000e+02 -4.155534505844116211e-02 -5.217145010828971863e-02 4.410000145435333252e-01
2.450000000000000000e+02 3.180000000000000000e+02 -5.661797523498535156e-02 -5.060974881052970886e-02 4.400000274181365967e-01
2.420000000000000000e+02 3.450000000000000000e+02 -6.132160127162933350e-02 -7.312252372503280640e-02 4.590000212192535400e-01
2.710000000000000000e+02 3.520000000000000000e+02 -3.845453634858131409e-02 -7.634310424327850342e-02 4.470000267028808594e-01
2.790000000000000000e+02 3.540000000000000000e+02 -3.236991912126541138e-02 -7.728724926710128784e-02 4.440000355243682861e-01
2.830000000000000000e+02 3.520000000000000000e+02 -2.945665642619132996e-02 -7.583073526620864868e-02 4.440000355243682861e-01
