1.950000000000000000e+02 3.200000000000000000e+02 -1.036618575453758240e-01 -5.820488557219505310e-02 4.920000135898590088e-01
2.230000000000000000e+02 2.770000000000000000e+02 -8.089959621429443359e-02 -2.345643751323223114e-02 4.910000264644622803e-01
2.570000000000000000e+02 2.490000000000000000e+02 -5.493246018886566162e-02 -9.305772255174815655e-04 5.040000081062316895e-01
2.830000000000000000e+02 2.300000000000000000e+02 -3.423340991139411926e-02 1.512806769460439682e-02 5.160000324249267578e-01
3.050000000000000000e+02 2.140000000000000000e+02 -2.898530848324298859e-02 5.322802811861038208e-02 9.580000638961791992e-01
2.990000000000000000e+02 2.820000000000000000e+02 -2.109164185822010040e-02 -2.944228611886501312e-02 5.260000228881835938e-01
3.360000000000000000e+02 2.840000000000000000e+02 1.079170871526002884e-02 -3.104929812252521515e-02 5.240000486373901367e-01
3.560000000000000000e+02 2.880000000000000000e+02 0.000000000000000000e+00 -0.000000000000000000e+00 0.000000000000000000e+00
3.740000000000000000e+02 2.920000000000000000e+02 3.607378900051116943e-02 -3.148365393280982971e-02 4.350000321865081787e-01
2.990000000000000000e+02 3.080000000000000000e+02 -2.109164185822010040e-02 -5.187404900789260864e-02 5.260000228881835938e-01
3.400000000000000000e+02 3.120000000000000000e+02 1.203022897243499756e-02 -4.659508541226387024e-02 4.430000185966491699e-01
3.610000000000000000e+02 3.180000000000000000e+02 3.080183453857898712e-02 -5.751107633113861084e-02 5.000000000000000000e-01
3.760000000000000000e+02 3.220000000000000000e+02 4.155271872878074646e-02 -5.860304087400436401e-02 4.820000231266021729e-01
2.940000000000000000e+02 3.300000000000000000e+02 -2.530916966497898102e-02 -7.058537006378173828e-02 5.240000486373901367e-01
3.330000000000000000e+02 3.360000000000000000e+02 6.959170103073120117e-03 -6.417854875326156616e-02 4.440000355243682861e-01
3.540000000000000000e+02 3.400000000000000000e+02 2.541145123541355133e-02 -7.661134004592895508e-02 5.070000290870666504e-01
3.660000000000000000e+02 3.420000000000000000e+02 3.448388725519180298e-02 -7.626749575138092041e-02 4.940000176429748535e-01
2.850000000000000000e+02 3.520000000000000000e+02 -3.279281780123710632e-02 -8.881077170372009277e-02 5.200000405311584473e-01
3.190000000000000000e+02 3.540000000000000000e+02 -0.000000000000000000e+00 -0.000000000000000000e+00 0.000000000000000000e+00
3.350000000000000000e+02 3.550000000000000000e+02 8.396848104894161224e-03 -7.783979922533035278e-02 4.430000185966491699e-01
3.440000000000000000e+02 3.570000000000000000e+02 0.000000000000000000e+00 -0.000000000000000000e+00 0.000000000000000000e+00
