5.600000000000000000e+01 3.630000000000000000e+02 -1.868878304958343506e-01 -8.044262230396270752e-02 4.260000288486480713e-01
8.000000000000000000e+01 3.110000000000000000e+02 -1.709155291318893433e-01 -4.431536048650741577e-02 4.280000329017639160e-01
1.270000000000000000e+02 2.810000000000000000e+02 -1.440407335758209229e-01 -2.428716421127319336e-02 4.470000267028808594e-01
1.670000000000000000e+02 2.660000000000000000e+02 -1.195871159434318542e-01 -1.385430525988340378e-02 4.660000205039978027e-01
1.900000000000000000e+02 2.480000000000000000e+02 -1.050703674554824829e-01 -9.895431867334991693e-05 4.800000190734863281e-01
1.670000000000000000e+02 3.120000000000000000e+02 -1.116317510604858398e-01 -4.575364291667938232e-02 4.350000321865081787e-01
2.070000000000000000e+02 3.090000000000000000e+02 -8.404466509819030762e-02 -4.411444440484046936e-02 4.400000274181365967e-01
1.850000000000000000e+02 3.150000000000000000e+02 -9.810648858547210693e-02 -4.756383597850799561e-02 4.320000112056732178e-01
1.600000000000000000e+02 3.170000000000000000e+02 -1.168947219848632812e-01 -4.943452030420303345e-02 4.360000193119049072e-01
1.710000000000000000e+02 3.420000000000000000e+02 -1.077772751450538635e-01 -6.654107570648193359e-02 4.310000240802764893e-01
2.110000000000000000e+02 3.400000000000000000e+02 -8.134209364652633667e-02 -6.663826853036880493e-02 4.410000145435333252e-01
1.760000000000000000e+02 3.430000000000000000e+02 -1.042423173785209656e-01 -6.724801659584045410e-02 4.310000240802764893e-01
1.510000000000000000e+02 3.420000000000000000e+02 -1.230485960841178894e-01 -6.715862452983856201e-02 4.350000321865081787e-01
1.720000000000000000e+02 3.690000000000000000e+02 -1.075671315193176270e-01 -8.602575957775115967e-02 4.330000281333923340e-01
2.140000000000000000e+02 3.700000000000000000e+02 -7.989001274108886719e-02 -8.913974463939666748e-02 4.450000226497650146e-01
1.850000000000000000e+02 3.690000000000000000e+02 -9.856068342924118042e-02 -8.622442930936813354e-02 4.340000152587890625e-01
1.540000000000000000e+02 3.680000000000000000e+02 -1.217417865991592407e-01 -8.630071580410003662e-02 4.380000233650207520e-01
1.670000000000000000e+02 3.950000000000000000e+02 -1.165076196193695068e-01 -1.095591709017753601e-01 4.540000259876251221e-01
2.010000000000000000e+02 4.000000000000000000e+02 -8.797349035739898682e-02 -1.092901602387428284e-01 4.380000233650207520e-01
2.060000000000000000e+02 4.030000000000000000e+02 -8.476641774177551270e-02 -1.119543090462684631e-01 4.400000274181365967e-01
2.010000000000000000e+02 4.060000000000000000e+02 -8.837519586086273193e-02 -1.141193956136703491e-01 4.400000274181365967e-01
