8.400000000000000000e+01 1.160000000000000000e+02 -2.113123983144760132e-01 1.163715645670890808e-01 5.380000472068786621e-01
1.040000000000000000e+02 7.200000000000000000e+01 -1.907824575901031494e-01 1.528912633657455444e-01 5.300000309944152832e-01
1.330000000000000000e+02 4.300000000000000000e+01 -1.690066009759902954e-01 1.817980259656906128e-01 5.410000085830688477e-01
1.590000000000000000e+02 2.400000000000000000e+01 -1.483611315488815308e-01 2.019627690315246582e-01 5.500000119209289551e-01
1.740000000000000000e+02 5.000000000000000000e+00 -1.365442276000976562e-01 2.218917608261108398e-01 5.570000410079956055e-01
1.830000000000000000e+02 7.600000000000000000e+01 -1.299337893724441528e-01 1.589990258216857910e-01 5.640000104904174805e-01
2.170000000000000000e+02 6.900000000000000000e+01 -9.830377995967864990e-02 1.651812493801116943e-01 5.630000233650207520e-01
2.360000000000000000e+02 6.700000000000000000e+01 -7.932252436876296997e-02 1.640613973140716553e-01 5.530000329017639160e-01
2.540000000000000000e+02 6.600000000000000000e+01 -6.231097877025604248e-02 1.631785631179809570e-01 5.470000505447387695e-01
1.890000000000000000e+02 9.900000000000000000e+01 -1.259265989065170288e-01 1.394312977790832520e-01 5.710000395774841309e-01
2.270000000000000000e+02 9.400000000000000000e+01 -8.985961228609085083e-02 1.433569788932800293e-01 5.680000185966491699e-01
2.490000000000000000e+02 9.300000000000000000e+01 -6.826272606849670410e-02 1.420023739337921143e-01 5.590000152587890625e-01
2.670000000000000000e+02 9.000000000000000000e+01 -5.110938102006912231e-02 1.429403871297836304e-01 5.520000457763671875e-01
1.870000000000000000e+02 1.190000000000000000e+02 -1.282474994659423828e-01 1.211226508021354675e-01 5.730000138282775879e-01
2.230000000000000000e+02 1.180000000000000000e+02 -9.375125914812088013e-02 1.212104037404060364e-01 5.690000057220458984e-01
2.440000000000000000e+02 1.160000000000000000e+02 -7.362941652536392212e-02 1.222117617726325989e-01 5.649999976158142090e-01
2.620000000000000000e+02 1.140000000000000000e+02 -5.654387176036834717e-02 1.231868937611579895e-01 5.610000491142272949e-01
1.800000000000000000e+02 1.410000000000000000e+02 -1.350622624158859253e-01 1.006212234497070312e-01 5.740000009536743164e-01
2.090000000000000000e+02 1.420000000000000000e+02 -1.079446896910667419e-01 9.985340386629104614e-02 5.750000476837158203e-01
2.270000000000000000e+02 1.410000000000000000e+02 -9.065063297748565674e-02 1.004459336400032043e-01 5.730000138282775879e-01
2.440000000000000000e+02 1.390000000000000000e+02 -7.428101450204849243e-02 1.017898991703987122e-01 5.700000524520874023e-01
