2.010000000000000000e+02 3.340000000000000000e+02 -8.978116512298583984e-02 -6.314582377672195435e-02 4.470000267028808594e-01
2.320000000000000000e+02 2.920000000000000000e+02 -6.705079972743988037e-02 -3.235216438770294189e-02 4.470000267028808594e-01
2.740000000000000000e+02 2.660000000000000000e+02 -3.690367937088012695e-02 -1.352727226912975311e-02 4.550000131130218506e-01
3.130000000000000000e+02 2.530000000000000000e+02 -7.966957986354827881e-03 -3.909393679350614548e-03 4.650000333786010742e-01
3.400000000000000000e+02 2.390000000000000000e+02 1.279060449451208115e-02 6.855830084532499313e-03 4.710000157356262207e-01
3.190000000000000000e+02 3.040000000000000000e+02 -3.485159249976277351e-03 -4.400417953729629517e-02 4.780000150203704834e-01
3.570000000000000000e+02 3.100000000000000000e+02 2.416355349123477936e-02 -4.473424330353736877e-02 4.390000104904174805e-01
3.660000000000000000e+02 3.110000000000000000e+02 3.057478182017803192e-02 -4.535076394677162170e-02 4.380000233650207520e-01
3.610000000000000000e+02 3.070000000000000000e+02 2.698240801692008972e-02 -4.247708618640899658e-02 4.380000233650207520e-01
3.170000000000000000e+02 3.300000000000000000e+02 -5.042764358222484589e-03 -6.425423175096511841e-02 4.770000278949737549e-01
3.590000000000000000e+02 3.390000000000000000e+02 2.502055279910564423e-02 -6.412132084369659424e-02 4.290000200271606445e-01
3.630000000000000000e+02 3.360000000000000000e+02 2.803004905581474304e-02 -6.244399026036262512e-02 4.320000112056732178e-01
3.520000000000000000e+02 3.280000000000000000e+02 0.000000000000000000e+00 -0.000000000000000000e+00 0.000000000000000000e+00
3.120000000000000000e+02 3.540000000000000000e+02 -8.898684754967689514e-03 -8.250936120748519897e-02 4.740000367164611816e-01
3.480000000000000000e+02 3.650000000000000000e+02 1.736028864979743958e-02 -8.280066400766372681e-02 4.310000240802764893e-01
3.620000000000000000e+02 3.640000000000000000e+02 2.738466300070285797e-02 -8.247467130422592163e-02 4.330000281333923340e-01
3.540000000000000000e+02 3.560000000000000000e+02 2.155211754143238068e-02 -7.626085728406906128e-02 4.300000071525573730e-01
2.980000000000000000e+02 3.770000000000000000e+02 -1.982580125331878662e-02 -1.006029248237609863e-01 4.750000238418579102e-01
3.290000000000000000e+02 3.880000000000000000e+02 4.310163203626871109e-03 -1.087134480476379395e-01 4.730000197887420654e-01
3.480000000000000000e+02 3.930000000000000000e+02 1.808531209826469421e-02 -1.068796440958976746e-01 4.490000307559967041e-01
3.560000000000000000e+02 3.950000000000000000e+02 2.360364608466625214e-02 -1.066633388400077820e-01 4.420000314712524414e-01
