5.600000000000000000e+01 3.620000000000000000e+02 -1.868878304958343506e-01 -7.974388450384140015e-02 4.260000288486480713e-01
7.800000000000000000e+01 3.100000000000000000e+02 -1.727222949266433716e-01 -4.371524229645729065e-02 4.290000200271606445e-01
1.270000000000000000e+02 2.820000000000000000e+02 -1.437184959650039673e-01 -2.496437169611454010e-02 4.460000097751617432e-01
1.670000000000000000e+02 2.660000000000000000e+02 -1.198437362909317017e-01 -1.388403493911027908e-02 4.670000076293945312e-01
1.900000000000000000e+02 2.480000000000000000e+02 -1.050703674554824829e-01 -9.895431867334991693e-05 4.800000190734863281e-01
1.670000000000000000e+02 3.120000000000000000e+02 -1.116317510604858398e-01 -4.575364291667938232e-02 4.350000321865081787e-01
2.060000000000000000e+02 3.100000000000000000e+02 -8.495906740427017212e-02 -4.493804275989532471e-02 4.410000145435333252e-01
1.850000000000000000e+02 3.160000000000000000e+02 -9.810648858547210693e-02 -4.827241227030754089e-02 4.320000112056732178e-01
1.600000000000000000e+02 3.180000000000000000e+02 -1.168947219848632812e-01 -5.014966055750846863e-02 4.360000193119049072e-01
1.710000000000000000e+02 3.420000000000000000e+02 -1.075272113084793091e-01 -6.638668477535247803e-02 4.300000071525573730e-01
2.100000000000000000e+02 3.400000000000000000e+02 -8.206548541784286499e-02 -6.663826853036880493e-02 4.410000145435333252e-01
1.760000000000000000e+02 3.430000000000000000e+02 -1.040004491806030273e-01 -6.709198653697967529e-02 4.300000071525573730e-01
1.490000000000000000e+02 3.430000000000000000e+02 -1.247618496417999268e-01 -6.802815198898315430e-02 4.360000193119049072e-01
1.710000000000000000e+02 3.680000000000000000e+02 -1.080273389816284180e-01 -8.511850982904434204e-02 4.320000112056732178e-01
2.130000000000000000e+02 3.700000000000000000e+02 -8.043881505727767944e-02 -8.893943578004837036e-02 4.440000355243682861e-01
1.850000000000000000e+02 3.690000000000000000e+02 -9.856068342924118042e-02 -8.622442930936813354e-02 4.340000152587890625e-01
1.540000000000000000e+02 3.680000000000000000e+02 -1.217417865991592407e-01 -8.630071580410003662e-02 4.380000233650207520e-01
1.660000000000000000e+02 3.940000000000000000e+02 -1.175106018781661987e-01 -1.090541854500770569e-01 4.550000131130218506e-01
2.000000000000000000e+02 4.000000000000000000e+02 -8.869196474552154541e-02 -1.092901602387428284e-01 4.380000233650207520e-01
2.050000000000000000e+02 4.030000000000000000e+02 -8.548817783594131470e-02 -1.119543090462684631e-01 4.400000274181365967e-01
1.990000000000000000e+02 4.050000000000000000e+02 -8.981870114803314209e-02 -1.133976951241493225e-01 4.400000274181365967e-01
