5.500000000000000000e+01 3.610000000000000000e+02 -1.875866204500198364e-01 -7.904514670372009277e-02 4.260000288486480713e-01
8.200000000000000000e+01 3.080000000000000000e+02 -1.699074357748031616e-01 -4.230792447924613953e-02 4.290000200271606445e-01
1.300000000000000000e+02 2.810000000000000000e+02 -1.418410241603851318e-01 -2.428716421127319336e-02 4.470000267028808594e-01
1.710000000000000000e+02 2.670000000000000000e+02 -1.167795509099960327e-01 -1.465002261102199554e-02 4.670000076293945312e-01
1.940000000000000000e+02 2.500000000000000000e+02 -1.019208878278732300e-01 -1.673573744483292103e-03 4.800000190734863281e-01
1.660000000000000000e+02 3.130000000000000000e+02 -1.113122403621673584e-01 -4.603985697031021118e-02 4.310000240802764893e-01
2.050000000000000000e+02 3.110000000000000000e+02 -8.568246662616729736e-02 -4.566138610243797302e-02 4.410000145435333252e-01
1.790000000000000000e+02 3.170000000000000000e+02 -1.018844023346900940e-01 -4.875422641634941101e-02 4.300000071525573730e-01
1.550000000000000000e+02 3.180000000000000000e+02 -1.210233122110366821e-01 -5.037970468401908875e-02 4.380000233650207520e-01
1.700000000000000000e+02 3.430000000000000000e+02 -1.079808548092842102e-01 -6.693595647811889648e-02 4.290000200271606445e-01
2.110000000000000000e+02 3.400000000000000000e+02 -8.115764707326889038e-02 -6.648716330528259277e-02 4.400000274181365967e-01
1.740000000000000000e+02 3.430000000000000000e+02 -1.054111570119857788e-01 -6.709198653697967529e-02 4.300000071525573730e-01
1.490000000000000000e+02 3.430000000000000000e+02 -1.250479966402053833e-01 -6.818418204784393311e-02 4.370000064373016357e-01
1.710000000000000000e+02 3.680000000000000000e+02 -1.080273389816284180e-01 -8.511850982904434204e-02 4.320000112056732178e-01
2.130000000000000000e+02 3.700000000000000000e+02 -8.043881505727767944e-02 -8.893943578004837036e-02 4.440000355243682861e-01
1.830000000000000000e+02 3.700000000000000000e+02 -9.975413233041763306e-02 -8.673597872257232666e-02 4.330000281333923340e-01
1.530000000000000000e+02 3.690000000000000000e+02 -1.227398440241813660e-01 -8.721780031919479370e-02 4.390000104904174805e-01
1.660000000000000000e+02 3.940000000000000000e+02 -1.172523349523544312e-01 -1.088145077228546143e-01 4.540000259876251221e-01
2.000000000000000000e+02 3.990000000000000000e+02 -8.869196474552154541e-02 -1.085717380046844482e-01 4.380000233650207520e-01
2.040000000000000000e+02 4.030000000000000000e+02 -8.601399511098861694e-02 -1.116998568177223206e-01 4.390000104904174805e-01
2.000000000000000000e+02 4.050000000000000000e+02 -8.889445662498474121e-02 -1.131399720907211304e-01 4.390000104904174805e-01
