8.200000000000000000e+01 1.120000000000000000e+02 -2.134734541177749634e-01 1.201242059469223022e-01 5.390000343322753906e-01
1.020000000000000000e+02 6.700000000000000000e+01 -1.925212293863296509e-01 1.572378724813461304e-01 5.300000309944152832e-01
1.330000000000000000e+02 3.800000000000000000e+01 -1.696314066648483276e-01 1.869233250617980957e-01 5.430000424385070801e-01
1.580000000000000000e+02 1.800000000000000000e+01 -1.498060971498489380e-01 2.081296294927597046e-01 5.520000457763671875e-01
1.730000000000000000e+02 0.000000000000000000e+00 -1.374579071998596191e-01 2.264598011970520020e-01 5.570000410079956055e-01
1.840000000000000000e+02 7.100000000000000000e+01 -1.294661164283752441e-01 1.642047017812728882e-01 5.660000443458557129e-01
2.180000000000000000e+02 6.400000000000000000e+01 -9.720730036497116089e-02 1.694969087839126587e-01 5.620000362396240234e-01
2.360000000000000000e+02 6.200000000000000000e+01 -7.960940152406692505e-02 1.692063808441162109e-01 5.550000071525573730e-01
2.540000000000000000e+02 6.100000000000000000e+01 -6.276662647724151611e-02 1.688906401395797729e-01 5.509999990463256836e-01
1.890000000000000000e+02 9.400000000000000000e+01 -1.259265989065170288e-01 1.441141515970230103e-01 5.710000395774841309e-01
2.280000000000000000e+02 8.900000000000000000e+01 -8.892789483070373535e-02 1.480152308940887451e-01 5.680000185966491699e-01
2.500000000000000000e+02 8.800000000000000000e+01 -6.734577566385269165e-02 1.465867906808853149e-01 5.590000152587890625e-01
2.670000000000000000e+02 8.500000000000000000e+01 -5.157233029603958130e-02 1.488031595945358276e-01 5.570000410079956055e-01
1.880000000000000000e+02 1.140000000000000000e+02 -1.273075789213180542e-01 1.258219033479690552e-01 5.730000138282775879e-01
2.240000000000000000e+02 1.120000000000000000e+02 -9.347040206193923950e-02 1.277016103267669678e-01 5.730000138282775879e-01
2.440000000000000000e+02 1.100000000000000000e+02 -7.375974208116531372e-02 1.279982924461364746e-01 5.660000443458557129e-01
2.620000000000000000e+02 1.070000000000000000e+02 -5.654387176036834717e-02 1.296280771493911743e-01 5.610000491142272949e-01
1.810000000000000000e+02 1.370000000000000000e+02 -1.341207027435302734e-01 1.043871864676475525e-01 5.740000009536743164e-01
2.110000000000000000e+02 1.380000000000000000e+02 -1.058738306164741516e-01 1.034456938505172729e-01 5.740000009536743164e-01
2.280000000000000000e+02 1.350000000000000000e+02 -8.971071243286132812e-02 1.060850322246551514e-01 5.730000138282775879e-01
2.440000000000000000e+02 1.330000000000000000e+02 -7.454164326190948486e-02 1.077763214707374573e-01 5.720000267028808594e-01
