8.300000000000000000e+01 1.130000000000000000e+02 -2.114060521125793457e-01 1.185764372348785400e-01 5.360000133514404297e-01
1.010000000000000000e+02 6.900000000000000000e+01 -1.937555074691772461e-01 1.557926088571548462e-01 5.310000181198120117e-01
1.330000000000000000e+02 3.800000000000000000e+01 -1.699437946081161499e-01 1.872675716876983643e-01 5.440000295639038086e-01
1.590000000000000000e+02 1.800000000000000000e+01 -1.486308723688125610e-01 2.077525705099105835e-01 5.509999990463256836e-01
1.840000000000000000e+02 7.200000000000000000e+01 -1.290086209774017334e-01 1.626993715763092041e-01 5.640000104904174805e-01
2.180000000000000000e+02 6.500000000000000000e+01 -0.000000000000000000e+00 0.000000000000000000e+00 0.000000000000000000e+00
2.370000000000000000e+02 6.200000000000000000e+01 -7.898261398077011108e-02 1.698161363601684570e-01 5.570000410079956055e-01
2.540000000000000000e+02 6.100000000000000000e+01 -6.276662647724151611e-02 1.688906401395797729e-01 5.509999990463256836e-01
1.900000000000000000e+02 9.400000000000000000e+01 -1.249899566173553467e-01 1.441141515970230103e-01 5.710000395774841309e-01
2.280000000000000000e+02 9.000000000000000000e+01 -8.908445388078689575e-02 1.473425328731536865e-01 5.690000057220458984e-01
2.500000000000000000e+02 8.800000000000000000e+01 -6.758672744035720825e-02 1.471112668514251709e-01 5.610000491142272949e-01
2.670000000000000000e+02 8.500000000000000000e+01 -5.138714611530303955e-02 1.482688486576080322e-01 5.550000071525573730e-01
1.890000000000000000e+02 1.150000000000000000e+02 -1.263676583766937256e-01 1.248820498585700989e-01 5.730000138282775879e-01
2.240000000000000000e+02 1.130000000000000000e+02 -9.347040206193923950e-02 1.267617493867874146e-01 5.730000138282775879e-01
2.450000000000000000e+02 1.110000000000000000e+02 -7.257394492626190186e-02 1.266209036111831665e-01 5.640000104904174805e-01
2.620000000000000000e+02 1.090000000000000000e+02 -5.664466321468353271e-02 1.280155181884765625e-01 5.620000362396240234e-01
1.810000000000000000e+02 1.370000000000000000e+02 -1.343543678522109985e-01 1.045690551400184631e-01 5.750000476837158203e-01
2.100000000000000000e+02 1.390000000000000000e+02 -1.071875765919685364e-01 1.028613671660423279e-01 5.760000348091125488e-01
2.280000000000000000e+02 1.360000000000000000e+02 -8.986727148294448853e-02 1.053286790847778320e-01 5.740000009536743164e-01
2.450000000000000000e+02 1.350000000000000000e+02 -1.222433522343635559e-01 1.758826971054077148e-01 9.500000476837158203e-01
