1.030000000000000000e+02 1.920000000000000000e+02 -1.923750489950180054e-01 4.875601455569267273e-02 5.320000052452087402e-01
1.210000000000000000e+02 1.510000000000000000e+02 -0.000000000000000000e+00 0.000000000000000000e+00 0.000000000000000000e+00
1.540000000000000000e+02 1.220000000000000000e+02 -1.506485193967819214e-01 1.119027584791183472e-01 5.420000553131103516e-01
1.820000000000000000e+02 1.050000000000000000e+02 -1.285387426614761353e-01 1.298279762268066406e-01 5.540000200271606445e-01
1.990000000000000000e+02 8.800000000000000000e+01 -1.973970234394073486e-01 2.535768151283264160e-01 9.670000672340393066e-01
2.040000000000000000e+02 1.550000000000000000e+02 -1.101135909557342529e-01 8.561232686042785645e-02 5.620000362396240234e-01
2.390000000000000000e+02 1.510000000000000000e+02 -0.000000000000000000e+00 0.000000000000000000e+00 0.000000000000000000e+00
2.580000000000000000e+02 1.510000000000000000e+02 -5.958070605993270874e-02 8.818729221820831299e-02 5.550000071525573730e-01
2.760000000000000000e+02 1.510000000000000000e+02 -4.272662848234176636e-02 8.723391592502593994e-02 5.490000247955322266e-01
2.090000000000000000e+02 1.780000000000000000e+02 -1.060673817992210388e-01 6.475456058979034424e-02 5.649999976158142090e-01
2.480000000000000000e+02 1.760000000000000000e+02 -6.992222368717193604e-02 6.660801917314529419e-02 5.649999976158142090e-01
2.700000000000000000e+02 1.760000000000000000e+02 -4.856829345226287842e-02 6.531123071908950806e-02 5.540000200271606445e-01
2.880000000000000000e+02 1.760000000000000000e+02 -5.506052449345588684e-02 1.116421148180961609e-01 9.470000267028808594e-01
2.060000000000000000e+02 1.980000000000000000e+02 -1.094257384538650513e-01 4.646539688110351562e-02 5.680000185966491699e-01
2.420000000000000000e+02 1.980000000000000000e+02 -7.641820609569549561e-02 4.679261893033981323e-02 5.720000267028808594e-01
2.620000000000000000e+02 1.980000000000000000e+02 -5.694703385233879089e-02 4.621997848153114319e-02 5.649999976158142090e-01
2.790000000000000000e+02 1.970000000000000000e+02 -4.089983180165290833e-02 4.681292921304702759e-02 5.610000491142272949e-01
1.970000000000000000e+02 2.190000000000000000e+02 -1.180186346173286438e-01 2.694810926914215088e-02 5.690000057220458984e-01
2.250000000000000000e+02 2.220000000000000000e+02 -9.220750629901885986e-02 2.423312142491340637e-02 5.710000395774841309e-01
2.420000000000000000e+02 2.220000000000000000e+02 -7.615101337432861328e-02 2.419068105518817902e-02 5.700000524520874023e-01
2.590000000000000000e+02 2.220000000000000000e+02 -0.000000000000000000e+00 0.000000000000000000e+00 0.000000000000000000e+00
