1.990000000000000000e+02 3.220000000000000000e+02 -9.982123970985412598e-02 -5.945412069559097290e-02 4.890000224113464355e-01
2.270000000000000000e+02 2.780000000000000000e+02 -7.736153900623321533e-02 -2.416296303272247314e-02 4.890000224113464355e-01
2.590000000000000000e+02 2.500000000000000000e+02 -5.327898636460304260e-02 -1.757252379320561886e-03 5.040000081062316895e-01
2.830000000000000000e+02 2.320000000000000000e+02 -3.429975360631942749e-02 1.346138864755630493e-02 5.170000195503234863e-01
3.070000000000000000e+02 2.170000000000000000e+02 -1.424298807978630066e-02 2.673841081559658051e-02 5.279999971389770508e-01
3.010000000000000000e+02 2.840000000000000000e+02 -1.932917162775993347e-02 -3.110855259001255035e-02 5.250000357627868652e-01
3.390000000000000000e+02 2.860000000000000000e+02 1.324276346713304520e-02 -3.245558589696884155e-02 5.190000534057617188e-01
3.580000000000000000e+02 2.890000000000000000e+02 0.000000000000000000e+00 -0.000000000000000000e+00 0.000000000000000000e+00
3.710000000000000000e+02 2.920000000000000000e+02 3.393312916159629822e-02 -3.148365393280982971e-02 4.350000321865081787e-01
3.000000000000000000e+02 3.090000000000000000e+02 -2.015190012753009796e-02 -5.253629386425018311e-02 5.240000486373901367e-01
3.430000000000000000e+02 3.130000000000000000e+02 1.421025674790143967e-02 -4.732170701026916504e-02 4.430000185966491699e-01
3.620000000000000000e+02 3.180000000000000000e+02 3.117930516600608826e-02 -5.670592561364173889e-02 4.930000305175781250e-01
3.730000000000000000e+02 3.220000000000000000e+02 0.000000000000000000e+00 -0.000000000000000000e+00 0.000000000000000000e+00
2.960000000000000000e+02 3.320000000000000000e+02 -2.354505844414234161e-02 -7.216633856296539307e-02 5.230000019073486328e-01
3.360000000000000000e+02 3.370000000000000000e+02 9.144118987023830414e-03 -6.490681320428848267e-02 4.440000355243682861e-01
3.560000000000000000e+02 3.400000000000000000e+02 2.686116099357604980e-02 -7.600691169500350952e-02 5.030000209808349609e-01
3.650000000000000000e+02 3.410000000000000000e+02 3.360538557171821594e-02 -7.530447840690612793e-02 4.930000305175781250e-01
2.890000000000000000e+02 3.550000000000000000e+02 -2.921137958765029907e-02 -9.084238857030868530e-02 5.170000195503234863e-01
3.230000000000000000e+02 3.570000000000000000e+02 -0.000000000000000000e+00 -0.000000000000000000e+00 0.000000000000000000e+00
3.370000000000000000e+02 3.570000000000000000e+02 9.827965870499610901e-03 -7.911405712366104126e-02 4.420000314712524414e-01
3.440000000000000000e+02 3.570000000000000000e+02 0.000000000000000000e+00 -0.000000000000000000e+00 0.000000000000000000e+00
