8.600000000000000000e+01 1.190000000000000000e+02 -2.079893946647644043e-01 1.128787025809288025e-01 5.340000391006469727e-01
1.030000000000000000e+02 7.700000000000000000e+01 -1.934598684310913086e-01 1.499460190534591675e-01 5.350000262260437012e-01
1.340000000000000000e+02 4.600000000000000000e+01 -1.684299409389495850e-01 1.794670671224594116e-01 5.420000553131103516e-01
1.610000000000000000e+02 2.700000000000000000e+01 -1.516196131706237793e-01 2.061398029327392578e-01 5.690000057220458984e-01
1.740000000000000000e+02 6.000000000000000000e+00 -2.323948442935943604e-01 3.760992586612701416e-01 9.480000734329223633e-01
1.850000000000000000e+02 7.900000000000000000e+01 -1.283105611801147461e-01 1.565007418394088745e-01 5.649999976158142090e-01
2.190000000000000000e+02 7.300000000000000000e+01 -1.644733250141143799e-01 2.753604948520660400e-01 9.600000381469726562e-01
2.380000000000000000e+02 7.000000000000000000e+01 -0.000000000000000000e+00 0.000000000000000000e+00 0.000000000000000000e+00
2.550000000000000000e+02 6.800000000000000000e+01 -1.067722737789154053e-01 2.805782854557037354e-01 9.510000348091125488e-01
1.920000000000000000e+02 1.020000000000000000e+02 -1.226854324340820312e-01 1.361430436372756958e-01 5.690000057220458984e-01
2.290000000000000000e+02 9.800000000000000000e+01 -8.753140270709991455e-02 1.388928890228271484e-01 5.649999976158142090e-01
2.510000000000000000e+02 9.500000000000000000e+01 -6.702298671007156372e-02 1.414223313331604004e-01 5.640000104904174805e-01
2.680000000000000000e+02 9.300000000000000000e+01 -8.740208297967910767e-02 2.441221326589584351e-01 9.610000252723693848e-01
1.900000000000000000e+02 1.220000000000000000e+02 -1.249899566173553467e-01 1.178901717066764832e-01 5.710000395774841309e-01
2.260000000000000000e+02 1.200000000000000000e+02 -9.191024303436279297e-02 1.206022873520851135e-01 5.750000476837158203e-01
2.450000000000000000e+02 1.180000000000000000e+02 -7.295998185873031616e-02 1.207843646407127380e-01 5.670000314712524414e-01
2.620000000000000000e+02 1.160000000000000000e+02 -5.583833158016204834e-02 1.198324263095855713e-01 5.540000200271606445e-01
1.820000000000000000e+02 1.430000000000000000e+02 -1.327151060104370117e-01 9.839420765638351440e-02 5.720000267028808594e-01
2.100000000000000000e+02 1.460000000000000000e+02 -1.070014908909797668e-01 9.608086943626403809e-02 5.750000476837158203e-01
2.270000000000000000e+02 1.450000000000000000e+02 -9.017603099346160889e-02 9.618031978607177734e-02 5.700000524520874023e-01
2.430000000000000000e+02 1.440000000000000000e+02 -0.000000000000000000e+00 0.000000000000000000e+00 0.000000000000000000e+00
