1.720000000000000000e+02 3.180000000000000000e+02 -1.058281734585762024e-01 -4.899943992495536804e-02 4.260000288486480713e-01
2.050000000000000000e+02 2.730000000000000000e+02 -8.296238631010055542e-02 -1.759746856987476349e-02 4.270000159740447998e-01
2.470000000000000000e+02 2.500000000000000000e+02 -5.542525276541709900e-02 -1.541082514449954033e-03 4.420000314712524414e-01
2.830000000000000000e+02 2.380000000000000000e+02 -3.071718849241733551e-02 7.498808670789003372e-03 4.630000293254852295e-01
3.040000000000000000e+02 2.240000000000000000e+02 -1.502321101725101471e-02 1.844404637813568115e-02 4.710000157356262207e-01
2.850000000000000000e+02 2.740000000000000000e+02 -2.774776890873908997e-02 -1.885492354631423950e-02 4.400000274181365967e-01
3.180000000000000000e+02 2.740000000000000000e+02 -3.903056960552930832e-03 -1.872636564075946808e-02 4.370000064373016357e-01
2.970000000000000000e+02 2.790000000000000000e+02 -1.869629696011543274e-02 -2.200394868850708008e-02 4.310000240802764893e-01
2.730000000000000000e+02 2.780000000000000000e+02 -3.665706887841224670e-02 -2.188996411859989166e-02 4.430000185966491699e-01
2.880000000000000000e+02 3.020000000000000000e+02 -2.517550997436046600e-02 -3.844109177589416504e-02 4.330000281333923340e-01
3.260000000000000000e+02 3.010000000000000000e+02 1.835806411691009998e-03 -3.816656395792961121e-02 4.380000233650207520e-01
2.960000000000000000e+02 3.040000000000000000e+02 -1.935826987028121948e-02 -3.958534821867942810e-02 4.300000071525573730e-01
2.730000000000000000e+02 3.020000000000000000e+02 -3.632608056068420410e-02 -3.897375985980033875e-02 4.390000104904174805e-01
2.850000000000000000e+02 3.290000000000000000e+02 -2.736938931047916412e-02 -5.775006860494613647e-02 4.340000152587890625e-01
3.270000000000000000e+02 3.320000000000000000e+02 2.577607519924640656e-03 -6.098952889442443848e-02 4.420000314712524414e-01
3.060000000000000000e+02 3.320000000000000000e+02 -1.236198563128709793e-02 -5.960967391729354858e-02 4.320000112056732178e-01
2.840000000000000000e+02 3.290000000000000000e+02 -2.808130159974098206e-02 -5.775006860494613647e-02 4.340000152587890625e-01
2.740000000000000000e+02 3.550000000000000000e+02 -3.649814426898956299e-02 -7.906977832317352295e-02 4.500000178813934326e-01
3.040000000000000000e+02 3.640000000000000000e+02 -1.425769738852977753e-02 -8.514128625392913818e-02 4.470000267028808594e-01
3.130000000000000000e+02 3.660000000000000000e+02 -7.504360284656286240e-03 -8.486387133598327637e-02 4.380000233650207520e-01
3.170000000000000000e+02 3.650000000000000000e+02 -4.630463197827339172e-03 -8.414544910192489624e-02 4.380000233650207520e-01
