1.850000000000000000e+02 3.140000000000000000e+02 -1.135491728782653809e-01 -5.423061922192573547e-02 5.000000000000000000e-01
2.090000000000000000e+02 2.730000000000000000e+02 -9.330175071954727173e-02 -2.048229984939098358e-02 4.970000088214874268e-01
2.430000000000000000e+02 2.450000000000000000e+02 -6.756245344877243042e-02 2.413840033113956451e-03 5.120000243186950684e-01
2.700000000000000000e+02 2.260000000000000000e+02 -4.602590948343276978e-02 1.883641071617603302e-02 5.250000357627868652e-01
2.930000000000000000e+02 2.100000000000000000e+02 -0.000000000000000000e+00 0.000000000000000000e+00 0.000000000000000000e+00
2.850000000000000000e+02 2.780000000000000000e+02 -3.367570042610168457e-02 -2.638654969632625580e-02 5.340000391006469727e-01
3.230000000000000000e+02 2.780000000000000000e+02 -3.911291423719376326e-04 -2.648537419736385345e-02 5.360000133514404297e-01
3.440000000000000000e+02 2.810000000000000000e+02 1.766806654632091522e-02 -2.847086079418659210e-02 5.240000486373901367e-01
3.650000000000000000e+02 2.840000000000000000e+02 0.000000000000000000e+00 -0.000000000000000000e+00 0.000000000000000000e+00
2.870000000000000000e+02 3.030000000000000000e+02 -3.192380815744400024e-02 -4.828360304236412048e-02 5.340000391006469727e-01
3.290000000000000000e+02 3.060000000000000000e+02 0.000000000000000000e+00 -0.000000000000000000e+00 0.000000000000000000e+00
3.530000000000000000e+02 3.110000000000000000e+02 0.000000000000000000e+00 -0.000000000000000000e+00 0.000000000000000000e+00
3.720000000000000000e+02 3.140000000000000000e+02 0.000000000000000000e+00 -0.000000000000000000e+00 0.000000000000000000e+00
2.840000000000000000e+02 3.240000000000000000e+02 -3.448694571852684021e-02 -6.655226647853851318e-02 5.330000519752502441e-01
3.220000000000000000e+02 3.280000000000000000e+02 -0.000000000000000000e+00 -0.000000000000000000e+00 0.000000000000000000e+00
3.440000000000000000e+02 3.320000000000000000e+02 1.749947853386402130e-02 -7.161440700292587280e-02 5.190000534057617188e-01
3.620000000000000000e+02 3.360000000000000000e+02 3.225445374846458435e-02 -7.371860742568969727e-02 5.100000500679016113e-01
2.740000000000000000e+02 3.450000000000000000e+02 -4.274338111281394958e-02 -8.395548909902572632e-02 5.270000100135803223e-01
3.080000000000000000e+02 3.490000000000000000e+02 -1.330087799578905106e-02 -8.708135783672332764e-02 5.250000357627868652e-01
3.250000000000000000e+02 3.510000000000000000e+02 0.000000000000000000e+00 -0.000000000000000000e+00 0.000000000000000000e+00
3.400000000000000000e+02 3.540000000000000000e+02 1.205738540738821030e-02 -7.728724926710128784e-02 4.440000355243682861e-01
