1.720000000000000000e+02 3.180000000000000000e+02 -1.063250154256820679e-01 -4.922948405146598816e-02 4.280000329017639160e-01
2.050000000000000000e+02 2.730000000000000000e+02 -8.335097134113311768e-02 -1.767989248037338257e-02 4.290000200271606445e-01
2.470000000000000000e+02 2.500000000000000000e+02 -5.592683702707290649e-02 -1.555028953589498997e-03 4.460000097751617432e-01
2.830000000000000000e+02 2.380000000000000000e+02 -3.111524879932403564e-02 7.595985196530818939e-03 4.690000116825103760e-01
3.040000000000000000e+02 2.240000000000000000e+02 -0.000000000000000000e+00 0.000000000000000000e+00 0.000000000000000000e+00
2.850000000000000000e+02 2.740000000000000000e+02 -2.730632759630680084e-02 -1.855495944619178772e-02 4.330000281333923340e-01
3.180000000000000000e+02 2.740000000000000000e+02 -3.947714809328317642e-03 -1.894062757492065430e-02 4.420000314712524414e-01
2.970000000000000000e+02 2.790000000000000000e+02 -1.878305524587631226e-02 -2.210605517029762268e-02 4.330000281333923340e-01
2.730000000000000000e+02 2.780000000000000000e+02 -3.607783839106559753e-02 -2.154407277703285217e-02 4.360000193119049072e-01
2.880000000000000000e+02 3.020000000000000000e+02 -2.505922503769397736e-02 -3.826353326439857483e-02 4.310000240802764893e-01
3.260000000000000000e+02 3.010000000000000000e+02 1.839997712522745132e-03 -3.825369849801063538e-02 4.390000104904174805e-01
2.960000000000000000e+02 3.040000000000000000e+02 -1.944830827414989471e-02 -3.976946696639060974e-02 4.320000112056732178e-01
2.730000000000000000e+02 3.020000000000000000e+02 -3.582959622144699097e-02 -3.844109177589416504e-02 4.330000281333923340e-01
2.850000000000000000e+02 3.290000000000000000e+02 -2.730632759630680084e-02 -5.761700868606567383e-02 4.330000281333923340e-01
3.270000000000000000e+02 3.320000000000000000e+02 2.571775810793042183e-03 -6.085154041647911072e-02 4.410000145435333252e-01
3.060000000000000000e+02 3.320000000000000000e+02 -1.253368053585290909e-02 -6.043758615851402283e-02 4.380000233650207520e-01
2.840000000000000000e+02 3.290000000000000000e+02 -2.801659889519214630e-02 -5.761700868606567383e-02 4.330000281333923340e-01
2.740000000000000000e+02 3.550000000000000000e+02 -3.674146533012390137e-02 -7.959690690040588379e-02 4.530000090599060059e-01
3.040000000000000000e+02 3.640000000000000000e+02 -1.397062931209802628e-02 -8.342703431844711304e-02 4.380000233650207520e-01
3.130000000000000000e+02 3.660000000000000000e+02 -7.504360284656286240e-03 -8.486387133598327637e-02 4.380000233650207520e-01
3.170000000000000000e+02 3.650000000000000000e+02 -4.641034640371799469e-03 -8.433756232261657715e-02 4.390000104904174805e-01
