1.110000000000000000e+02 2.230000000000000000e+02 -1.850452423095703125e-01 2.166456542909145355e-02 5.310000181198120117e-01
1.310000000000000000e+02 1.830000000000000000e+02 -1.673090159893035889e-01 5.639661476016044617e-02 5.300000309944152832e-01
1.630000000000000000e+02 1.530000000000000000e+02 -1.444891691207885742e-01 8.543293923139572144e-02 5.490000247955322266e-01
1.900000000000000000e+02 1.370000000000000000e+02 -1.212687119841575623e-01 1.007500067353248596e-01 5.540000200271606445e-01
2.070000000000000000e+02 1.230000000000000000e+02 -1.845162361860275269e-01 1.978584527969360352e-01 9.660000205039978027e-01
2.120000000000000000e+02 1.890000000000000000e+02 -1.034698039293289185e-01 5.465710908174514771e-02 5.660000443458557129e-01
2.470000000000000000e+02 1.860000000000000000e+02 -0.000000000000000000e+00 0.000000000000000000e+00 0.000000000000000000e+00
2.650000000000000000e+02 1.860000000000000000e+02 -5.349554866552352905e-02 5.663031712174415588e-02 5.580000281333923340e-01
2.830000000000000000e+02 1.860000000000000000e+02 -6.448619067668914795e-02 9.864635765552520752e-02 9.720000624656677246e-01
2.150000000000000000e+02 2.110000000000000000e+02 -1.012181416153907776e-01 3.441442921757698059e-02 5.690000057220458984e-01
2.550000000000000000e+02 2.110000000000000000e+02 -6.264871358871459961e-02 3.374912589788436890e-02 5.580000281333923340e-01
2.760000000000000000e+02 2.110000000000000000e+02 -4.334923997521400452e-02 3.368864580988883972e-02 5.570000410079956055e-01
2.940000000000000000e+02 2.120000000000000000e+02 -4.578834399580955505e-02 5.578228831291198730e-02 9.480000734329223633e-01
2.120000000000000000e+02 2.290000000000000000e+02 -1.038354188203811646e-01 1.758425123989582062e-02 5.680000185966491699e-01
2.500000000000000000e+02 2.320000000000000000e+02 -6.843005120754241943e-02 1.478930097073316574e-02 5.680000185966491699e-01
2.700000000000000000e+02 2.330000000000000000e+02 -4.918197542428970337e-02 1.368687115609645844e-02 5.610000491142272949e-01
2.870000000000000000e+02 2.340000000000000000e+02 -3.317923471331596375e-02 1.263015996664762497e-02 5.550000071525573730e-01
2.010000000000000000e+02 2.490000000000000000e+02 -1.132809296250343323e-01 -1.041360199451446533e-03 5.640000104904174805e-01
2.310000000000000000e+02 2.550000000000000000e+02 -8.613273501396179199e-02 -6.638644728809595108e-03 5.680000185966491699e-01
2.480000000000000000e+02 2.560000000000000000e+02 -6.979846954345703125e-02 -7.516982499510049820e-03 5.640000104904174805e-01
2.650000000000000000e+02 2.580000000000000000e+02 -5.387903004884719849e-02 -9.333943948149681091e-03 5.620000362396240234e-01
