1.270000000000000000e+02 2.620000000000000000e+02 -1.691753715276718140e-01 -1.216391101479530334e-02 5.250000357627868652e-01
1.480000000000000000e+02 2.220000000000000000e+02 -1.516660600900650024e-01 2.236576937139034271e-02 5.270000100135803223e-01
1.800000000000000000e+02 1.940000000000000000e+02 -1.270620673894882202e-01 4.771774262189865112e-02 5.400000214576721191e-01
2.070000000000000000e+02 1.790000000000000000e+02 -1.060108840465545654e-01 6.269813328981399536e-02 5.550000071525573730e-01
2.260000000000000000e+02 1.640000000000000000e+02 -0.000000000000000000e+00 0.000000000000000000e+00 0.000000000000000000e+00
2.270000000000000000e+02 2.280000000000000000e+02 -8.811938017606735229e-02 1.815732009708881378e-02 5.570000410079956055e-01
2.630000000000000000e+02 2.270000000000000000e+02 -0.000000000000000000e+00 0.000000000000000000e+00 0.000000000000000000e+00
2.820000000000000000e+02 2.280000000000000000e+02 -0.000000000000000000e+00 0.000000000000000000e+00 0.000000000000000000e+00
3.000000000000000000e+02 2.300000000000000000e+02 -3.703488409519195557e-02 2.823319472372531891e-02 9.630000591278076172e-01
2.310000000000000000e+02 2.500000000000000000e+02 -8.476795256137847900e-02 -1.949016121216118336e-03 5.590000152587890625e-01
2.690000000000000000e+02 2.520000000000000000e+02 -4.992359131574630737e-02 -3.782791784033179283e-03 5.590000152587890625e-01
2.910000000000000000e+02 2.540000000000000000e+02 -2.943121269345283508e-02 -5.556282121688127518e-03 5.530000329017639160e-01
3.090000000000000000e+02 2.560000000000000000e+02 -1.288989093154668808e-02 -7.250423077493906021e-03 5.440000295639038086e-01
2.260000000000000000e+02 2.700000000000000000e+02 -8.935273438692092896e-02 -2.028677053749561310e-02 5.590000152587890625e-01
2.630000000000000000e+02 2.740000000000000000e+02 -5.562363564968109131e-02 -2.404002845287322998e-02 5.610000491142272949e-01
2.840000000000000000e+02 2.760000000000000000e+02 -3.584571555256843567e-02 -2.555743604898452759e-02 5.540000200271606445e-01
3.010000000000000000e+02 2.780000000000000000e+02 -2.013915777206420898e-02 -2.702892012894153595e-02 5.470000505447387695e-01
2.150000000000000000e+02 2.900000000000000000e+02 -9.908349066972732544e-02 -3.848633915185928345e-02 5.570000410079956055e-01
2.430000000000000000e+02 2.960000000000000000e+02 -7.376447319984436035e-02 -4.412585124373435974e-02 5.590000152587890625e-01
2.610000000000000000e+02 2.970000000000000000e+02 -5.715681612491607666e-02 -4.496216401457786560e-02 5.580000281333923340e-01
2.780000000000000000e+02 3.000000000000000000e+02 -4.159643501043319702e-02 -4.770790413022041321e-02 5.580000281333923340e-01
