2.140000000000000000e+02 3.440000000000000000e+02 -7.594039291143417358e-02 -6.669360399246215820e-02 4.230000078678131104e-01
2.470000000000000000e+02 2.990000000000000000e+02 -5.316811427474021912e-02 -3.555571287870407104e-02 4.240000247955322266e-01
2.910000000000000000e+02 2.790000000000000000e+02 -2.325757592916488647e-02 -2.231026627123355865e-02 4.370000064373016357e-01
3.300000000000000000e+02 2.720000000000000000e+02 4.957017023116350174e-03 -1.824252679944038391e-02 4.610000252723693848e-01
3.530000000000000000e+02 2.600000000000000000e+02 2.278600260615348816e-02 -9.347781538963317871e-03 4.700000286102294922e-01
3.240000000000000000e+02 3.060000000000000000e+02 3.970363759435713291e-04 -4.156798496842384338e-02 4.360000193119049072e-01
3.600000000000000000e+02 3.080000000000000000e+02 2.608404681086540222e-02 -4.289964213967323303e-02 4.350000321865081787e-01
3.410000000000000000e+02 3.120000000000000000e+02 1.241134572774171829e-02 -4.533291608095169067e-02 4.310000240802764893e-01
3.180000000000000000e+02 3.110000000000000000e+02 -3.894125577062368393e-03 -4.514368250966072083e-02 4.360000193119049072e-01
3.240000000000000000e+02 3.350000000000000000e+02 3.924831980839371681e-04 -6.159250810742378235e-02 4.310000240802764893e-01
3.670000000000000000e+02 3.370000000000000000e+02 3.115036338567733765e-02 -6.373731791973114014e-02 4.360000193119049072e-01
3.370000000000000000e+02 3.370000000000000000e+02 9.538907557725906372e-03 -6.271401047706604004e-02 4.290000200271606445e-01
3.140000000000000000e+02 3.330000000000000000e+02 -6.723914295434951782e-03 -6.059750169515609741e-02 4.340000152587890625e-01
3.210000000000000000e+02 3.600000000000000000e+02 -1.736513338983058929e-03 -7.963379472494125366e-02 4.330000281333923340e-01
3.650000000000000000e+02 3.660000000000000000e+02 3.012896701693534851e-02 -8.563888818025588989e-02 4.420000314712524414e-01
3.470000000000000000e+02 3.640000000000000000e+02 1.669193431735038757e-02 -8.228418976068496704e-02 4.320000112056732178e-01
3.200000000000000000e+02 3.590000000000000000e+02 -2.452436601743102074e-03 -7.910584658384323120e-02 4.340000152587890625e-01
3.110000000000000000e+02 3.860000000000000000e+02 -9.186276234686374664e-03 -1.019509658217430115e-01 4.500000178813934326e-01
3.460000000000000000e+02 3.960000000000000000e+02 1.624228991568088531e-02 -1.066594347357749939e-01 4.390000104904174805e-01
3.560000000000000000e+02 4.000000000000000000e+02 2.301622368395328522e-02 -1.075435131788253784e-01 4.310000240802764893e-01
3.540000000000000000e+02 4.010000000000000000e+02 2.165235951542854309e-02 -1.085016131401062012e-01 4.320000112056732178e-01
