5.900000000000000000e+01 3.540000000000000000e+02 -1.860927939414978027e-01 -7.467619329690933228e-02 4.290000200271606445e-01
8.900000000000000000e+01 3.020000000000000000e+02 -1.661351919174194336e-01 -3.835231065750122070e-02 4.320000112056732178e-01
1.370000000000000000e+02 2.760000000000000000e+02 -1.373200416564941406e-01 -2.071351744234561920e-02 4.490000307559967041e-01
1.770000000000000000e+02 2.640000000000000000e+02 -1.131441667675971985e-01 -1.245786156505346298e-02 4.710000157356262207e-01
2.000000000000000000e+02 2.480000000000000000e+02 -1.956083029508590698e-01 -1.991455501411110163e-04 9.660000205039978027e-01
1.700000000000000000e+02 3.040000000000000000e+02 -1.117564141750335693e-01 -4.087417572736740112e-02 4.440000355243682861e-01
2.100000000000000000e+02 3.030000000000000000e+02 -8.225157856941223145e-02 -3.996507823467254639e-02 4.420000314712524414e-01
1.850000000000000000e+02 3.100000000000000000e+02 -9.901488572359085083e-02 -4.442854225635528564e-02 4.360000193119049072e-01
1.600000000000000000e+02 3.110000000000000000e+02 -1.182352527976036072e-01 -4.566138610243797302e-02 4.410000145435333252e-01
1.740000000000000000e+02 3.340000000000000000e+02 -1.063917279243469238e-01 -6.130936369299888611e-02 4.340000152587890625e-01
2.170000000000000000e+02 3.320000000000000000e+02 -7.682711631059646606e-02 -6.071355566382408142e-02 4.400000274181365967e-01
1.810000000000000000e+02 3.350000000000000000e+02 -1.016420051455497742e-01 -6.216413155198097229e-02 4.350000321865081787e-01
1.560000000000000000e+02 3.330000000000000000e+02 -1.211288422346115112e-01 -6.157488375902175903e-02 4.410000145435333252e-01
1.740000000000000000e+02 3.590000000000000000e+02 -1.068820133805274963e-01 -7.947038859128952026e-02 4.360000193119049072e-01
2.160000000000000000e+02 3.610000000000000000e+02 -7.843010127544403076e-02 -8.257063478231430054e-02 4.450000226497650146e-01
1.890000000000000000e+02 3.610000000000000000e+02 -9.615410864353179932e-02 -8.090066164731979370e-02 4.360000193119049072e-01
1.610000000000000000e+02 3.600000000000000000e+02 -1.164459884166717529e-01 -8.036943525075912476e-02 4.370000064373016357e-01
1.670000000000000000e+02 3.870000000000000000e+02 -1.159943714737892151e-01 -1.031454652547836304e-01 4.520000219345092773e-01
2.020000000000000000e+02 3.930000000000000000e+02 -8.805187046527862549e-02 -1.052133738994598389e-01 4.420000314712524414e-01
2.050000000000000000e+02 3.950000000000000000e+02 -8.587675541639328003e-02 -1.066633388400077820e-01 4.420000314712524414e-01
2.000000000000000000e+02 3.950000000000000000e+02 -8.929944038391113281e-02 -1.064220145344734192e-01 4.410000145435333252e-01
