7.400000000000000000e+01 3.210000000000000000e+02 -1.767646670341491699e-01 -5.181530490517616272e-02 4.320000112056732178e-01
1.020000000000000000e+02 2.740000000000000000e+02 -1.580127030611038208e-01 -1.864066347479820251e-02 4.350000321865081787e-01
1.500000000000000000e+02 2.480000000000000000e+02 -1.297368705272674561e-01 -9.400660201208665967e-05 4.560000300407409668e-01
1.900000000000000000e+02 2.370000000000000000e+02 -1.039758846163749695e-01 8.472270332276821136e-03 4.750000238418579102e-01
2.140000000000000000e+02 2.230000000000000000e+02 -1.712698340415954590e-01 3.892277926206588745e-02 9.540000557899475098e-01
1.910000000000000000e+02 2.730000000000000000e+02 -9.754805266857147217e-02 -1.850413158535957336e-02 4.490000307559967041e-01
2.260000000000000000e+02 2.730000000000000000e+02 -7.192975282669067383e-02 -1.854534260928630829e-02 4.500000178813934326e-01
1.990000000000000000e+02 2.800000000000000000e+02 -9.022697061300277710e-02 -2.329051494598388672e-02 4.420000314712524414e-01
1.740000000000000000e+02 2.800000000000000000e+02 -1.098237186670303345e-01 -2.360667474567890167e-02 4.480000138282775879e-01
1.950000000000000000e+02 3.020000000000000000e+02 -9.270572662353515625e-02 -3.906254097819328308e-02 4.400000274181365967e-01
2.320000000000000000e+02 3.010000000000000000e+02 -6.690079718828201294e-02 -3.886366635560989380e-02 4.460000097751617432e-01
1.950000000000000000e+02 3.040000000000000000e+02 -9.270572662353515625e-02 -4.050594195723533630e-02 4.400000274181365967e-01
1.710000000000000000e+02 3.020000000000000000e+02 -1.120283454656600952e-01 -3.977276757359504700e-02 4.480000138282775879e-01
1.930000000000000000e+02 3.290000000000000000e+02 -9.457718580961227417e-02 -5.881458893418312073e-02 4.420000314712524414e-01
2.340000000000000000e+02 3.310000000000000000e+02 -6.514416635036468506e-02 -6.053723767399787903e-02 4.440000355243682861e-01
2.050000000000000000e+02 3.310000000000000000e+02 -8.607104420661926270e-02 -6.040088832378387451e-02 4.430000185966491699e-01
1.780000000000000000e+02 3.300000000000000000e+02 -1.056912988424301147e-01 -5.967426672577857971e-02 4.430000185966491699e-01
1.860000000000000000e+02 3.570000000000000000e+02 -1.037106812000274658e-01 -8.233588933944702148e-02 4.600000083446502686e-01
2.230000000000000000e+02 3.640000000000000000e+02 -7.332041114568710327e-02 -8.476033806800842285e-02 4.450000226497650146e-01
2.210000000000000000e+02 3.610000000000000000e+02 -7.478032261133193970e-02 -8.257063478231430054e-02 4.450000226497650146e-01
2.120000000000000000e+02 3.550000000000000000e+02 -8.153273910284042358e-02 -7.836692780256271362e-02 4.460000097751617432e-01
