8.200000000000000000e+01 1.150000000000000000e+02 -2.126813381910324097e-01 1.170360520482063293e-01 5.370000004768371582e-01
1.020000000000000000e+02 6.900000000000000000e+01 -1.928844749927520752e-01 1.557926088571548462e-01 5.310000181198120117e-01
1.340000000000000000e+02 4.000000000000000000e+01 -1.687407046556472778e-01 1.851420402526855469e-01 5.430000424385070801e-01
1.600000000000000000e+02 2.000000000000000000e+01 -1.477270424365997314e-01 2.059450298547744751e-01 5.509999990463256836e-01
1.750000000000000000e+02 0.000000000000000000e+00 -1.356305480003356934e-01 2.264598011970520020e-01 5.570000410079956055e-01
1.830000000000000000e+02 7.300000000000000000e+01 -1.301641613245010376e-01 1.620611101388931274e-01 5.649999976158142090e-01
2.170000000000000000e+02 6.600000000000000000e+01 -0.000000000000000000e+00 0.000000000000000000e+00 0.000000000000000000e+00
2.360000000000000000e+02 6.400000000000000000e+01 -7.975284755229949951e-02 1.676873415708541870e-01 5.560000538825988770e-01
2.540000000000000000e+02 6.200000000000000000e+01 -6.265271455049514771e-02 1.676820069551467896e-01 5.500000119209289551e-01
1.890000000000000000e+02 9.600000000000000000e+01 -1.261471360921859741e-01 1.424901187419891357e-01 5.720000267028808594e-01
2.270000000000000000e+02 9.100000000000000000e+01 -9.001781791448593140e-02 1.464092433452606201e-01 5.690000057220458984e-01
2.490000000000000000e+02 8.900000000000000000e+01 -6.826272606849670410e-02 1.456699222326278687e-01 5.590000152587890625e-01
2.660000000000000000e+02 8.600000000000000000e+01 -5.239177495241165161e-02 1.476240456104278564e-01 5.560000538825988770e-01
1.870000000000000000e+02 1.160000000000000000e+02 -1.282474994659423828e-01 1.239421963691711426e-01 5.730000138282775879e-01
2.230000000000000000e+02 1.150000000000000000e+02 -9.424556046724319458e-02 1.246641054749488831e-01 5.720000267028808594e-01
2.440000000000000000e+02 1.120000000000000000e+02 -7.362941652536392212e-02 1.259186863899230957e-01 5.649999976158142090e-01
2.620000000000000000e+02 1.100000000000000000e+02 -5.654387176036834717e-02 1.268675774335861206e-01 5.610000491142272949e-01
1.800000000000000000e+02 1.380000000000000000e+02 -1.352975666522979736e-01 1.036259233951568604e-01 5.750000476837158203e-01
2.100000000000000000e+02 1.390000000000000000e+02 -1.070014908909797668e-01 1.026827916502952576e-01 5.750000476837158203e-01
2.270000000000000000e+02 1.370000000000000000e+02 -9.065063297748565674e-02 1.042053326964378357e-01 5.730000138282775879e-01
2.440000000000000000e+02 1.350000000000000000e+02 -7.441132515668869019e-02 1.057147607207298279e-01 5.710000395774841309e-01
