1.160000000000000000e+02 2.360000000000000000e+02 -1.800095289945602417e-01 1.030311547219753265e-02 5.290000438690185547e-01
1.370000000000000000e+02 1.970000000000000000e+02 -0.000000000000000000e+00 0.000000000000000000e+00 0.000000000000000000e+00
1.690000000000000000e+02 1.700000000000000000e+02 -1.378191262483596802e-01 6.948602944612503052e-02 5.440000295639038086e-01
1.960000000000000000e+02 1.540000000000000000e+02 -0.000000000000000000e+00 0.000000000000000000e+00 0.000000000000000000e+00
2.120000000000000000e+02 1.380000000000000000e+02 -1.773245781660079956e-01 1.748124212026596069e-01 9.700000286102294922e-01
2.150000000000000000e+02 2.040000000000000000e+02 -1.003287062048912048e-01 4.058764129877090454e-02 5.640000104904174805e-01
2.500000000000000000e+02 2.020000000000000000e+02 -0.000000000000000000e+00 0.000000000000000000e+00 0.000000000000000000e+00
2.690000000000000000e+02 2.020000000000000000e+02 -8.537916094064712524e-02 7.193361222743988037e-02 9.560000300407409668e-01
2.860000000000000000e+02 2.030000000000000000e+02 -0.000000000000000000e+00 0.000000000000000000e+00 0.000000000000000000e+00
2.190000000000000000e+02 2.260000000000000000e+02 -9.662807732820510864e-02 2.023568563163280487e-02 5.640000104904174805e-01
2.570000000000000000e+02 2.270000000000000000e+02 -6.125405430793762207e-02 1.924211904406547546e-02 5.620000362396240234e-01
2.790000000000000000e+02 2.290000000000000000e+02 -0.000000000000000000e+00 0.000000000000000000e+00 0.000000000000000000e+00
2.960000000000000000e+02 2.300000000000000000e+02 -0.000000000000000000e+00 0.000000000000000000e+00 0.000000000000000000e+00
2.150000000000000000e+02 2.450000000000000000e+02 -1.006844863295555115e-01 2.668424742296338081e-03 5.660000443458557129e-01
2.520000000000000000e+02 2.480000000000000000e+02 -6.644941866397857666e-02 -1.168897870229557157e-04 5.670000314712524414e-01
2.720000000000000000e+02 2.490000000000000000e+02 -4.725710675120353699e-02 -1.033974695019423962e-03 5.600000023841857910e-01
2.890000000000000000e+02 2.510000000000000000e+02 -3.141494840383529663e-02 -2.850523451343178749e-03 5.560000538825988770e-01
2.050000000000000000e+02 2.640000000000000000e+02 -1.095802932977676392e-01 -1.491769310086965561e-02 5.640000104904174805e-01
2.340000000000000000e+02 2.700000000000000000e+02 -8.377774059772491455e-02 -2.072226628661155701e-02 5.710000395774841309e-01
2.510000000000000000e+02 2.720000000000000000e+02 -6.785483658313751221e-02 -2.259540744125843048e-02 5.710000395774841309e-01
2.680000000000000000e+02 2.740000000000000000e+02 -5.120434239506721497e-02 -2.412573061883449554e-02 5.630000233650207520e-01
