2.070000000000000000e+02 3.360000000000000000e+02 -8.423567563295364380e-02 -6.374491006135940552e-02 4.410000145435333252e-01
2.400000000000000000e+02 2.940000000000000000e+02 -5.995298922061920166e-02 -3.313762322068214417e-02 4.380000233650207520e-01
2.820000000000000000e+02 2.710000000000000000e+02 -3.032093681395053864e-02 -1.691741123795509338e-02 4.460000097751617432e-01
3.220000000000000000e+02 2.590000000000000000e+02 -1.090232632122933865e-03 -8.394387550652027130e-03 4.600000083446502686e-01
3.490000000000000000e+02 2.460000000000000000e+02 1.957638002932071686e-02 1.435699174180626869e-03 4.670000076293945312e-01
3.200000000000000000e+02 3.080000000000000000e+02 -2.638912294059991837e-03 -4.605547711253166199e-02 4.670000076293945312e-01
3.590000000000000000e+02 3.120000000000000000e+02 2.519552223384380341e-02 -4.543809592723846436e-02 4.320000112056732178e-01
3.630000000000000000e+02 3.140000000000000000e+02 2.828958816826343536e-02 -4.728910326957702637e-02 4.360000193119049072e-01
3.540000000000000000e+02 3.130000000000000000e+02 2.145187743008136749e-02 -4.571939632296562195e-02 4.280000329017639160e-01
3.190000000000000000e+02 3.350000000000000000e+02 -3.317463211715221405e-03 -6.502225250005722046e-02 4.550000131130218506e-01
3.620000000000000000e+02 3.420000000000000000e+02 2.700519934296607971e-02 -6.592352688312530518e-02 4.270000159740447998e-01
3.630000000000000000e+02 3.420000000000000000e+02 2.790028043091297150e-02 -6.638668477535247803e-02 4.300000071525573730e-01
3.490000000000000000e+02 3.370000000000000000e+02 1.773192547261714935e-02 -6.183689087629318237e-02 4.230000078678131104e-01
3.140000000000000000e+02 3.570000000000000000e+02 -7.281658705323934555e-03 -8.412580192089080811e-02 4.700000286102294922e-01
3.510000000000000000e+02 3.700000000000000000e+02 1.939086429774761200e-02 -8.593472093343734741e-02 4.290000200271606445e-01
3.620000000000000000e+02 3.720000000000000000e+02 2.757439576089382172e-02 -8.876720070838928223e-02 4.360000193119049072e-01
3.520000000000000000e+02 3.680000000000000000e+02 2.014141529798507690e-02 -8.472444117069244385e-02 4.300000071525573730e-01
3.010000000000000000e+02 3.810000000000000000e+02 -1.726739294826984406e-02 -1.024092212319374084e-01 4.690000116825103760e-01
3.310000000000000000e+02 3.920000000000000000e+02 5.787577945739030838e-03 -1.103983670473098755e-01 4.670000076293945312e-01
3.480000000000000000e+02 4.000000000000000000e+02 1.812559179961681366e-02 -1.122844070196151733e-01 4.500000178813934326e-01
3.540000000000000000e+02 4.050000000000000000e+02 2.230393700301647186e-02 -1.146863028407096863e-01 4.450000226497650146e-01
