8.400000000000000000e+01 1.200000000000000000e+02 -2.113123983144760132e-01 1.128417998552322388e-01 5.380000472068786621e-01
1.050000000000000000e+02 7.400000000000000000e+01 -1.888380795717239380e-01 1.502970457077026367e-01 5.270000100135803223e-01
1.330000000000000000e+02 4.600000000000000000e+01 -1.680694222450256348e-01 1.781425774097442627e-01 5.380000472068786621e-01
1.570000000000000000e+02 2.700000000000000000e+01 -1.501655131578445435e-01 1.992564052343368530e-01 5.500000119209289551e-01
1.740000000000000000e+02 8.000000000000000000e+00 -1.367893666028976440e-01 2.195443809032440186e-01 5.580000281333923340e-01
1.820000000000000000e+02 7.900000000000000000e+01 -1.308589428663253784e-01 1.562237590551376343e-01 5.640000104904174805e-01
2.170000000000000000e+02 7.200000000000000000e+01 -9.812917560338973999e-02 1.621224284172058105e-01 5.620000362396240234e-01
2.360000000000000000e+02 7.000000000000000000e+01 -7.946596294641494751e-02 1.616320013999938965e-01 5.540000200271606445e-01
2.530000000000000000e+02 6.900000000000000000e+01 -6.355491280555725098e-02 1.613671183586120605e-01 5.500000119209289551e-01
1.870000000000000000e+02 1.020000000000000000e+02 -1.275760680437088013e-01 1.363823264837265015e-01 5.700000524520874023e-01
2.260000000000000000e+02 9.800000000000000000e+01 -9.095117449760437012e-02 1.398762017488479614e-01 5.690000057220458984e-01
2.490000000000000000e+02 9.600000000000000000e+01 -6.789638847112655640e-02 1.385043859481811523e-01 5.560000538825988770e-01
2.670000000000000000e+02 9.300000000000000000e+01 -5.101678892970085144e-02 1.399701237678527832e-01 5.509999990463256836e-01
1.860000000000000000e+02 1.220000000000000000e+02 -1.291874349117279053e-01 1.183030903339385986e-01 5.730000138282775879e-01
2.220000000000000000e+02 1.210000000000000000e+02 -9.535024315118789673e-02 1.192429438233375549e-01 5.730000138282775879e-01
2.430000000000000000e+02 1.190000000000000000e+02 -7.429230213165283203e-02 1.190088167786598206e-01 5.630000233650207520e-01
2.610000000000000000e+02 1.170000000000000000e+02 -5.725924670696258545e-02 1.199970617890357971e-01 5.590000152587890625e-01
1.800000000000000000e+02 1.440000000000000000e+02 -1.350622624158859253e-01 9.779675304889678955e-02 5.740000009536743164e-01
2.090000000000000000e+02 1.460000000000000000e+02 -1.077569499611854553e-01 9.591376781463623047e-02 5.740000009536743164e-01
2.260000000000000000e+02 1.440000000000000000e+02 -9.143070876598358154e-02 9.745600074529647827e-02 5.720000267028808594e-01
2.440000000000000000e+02 1.430000000000000000e+02 -7.402037084102630615e-02 9.770613908767700195e-02 5.680000185966491699e-01
