1.810000000000000000e+02 3.100000000000000000e+02 -1.179981753230094910e-01 -5.145966261625289917e-02 5.049999952316284180e-01
2.040000000000000000e+02 2.690000000000000000e+02 -9.874954819679260254e-02 -1.746408268809318542e-02 5.040000081062316895e-01
2.370000000000000000e+02 2.410000000000000000e+02 -7.345240563154220581e-02 5.840680561959743500e-03 5.180000066757202148e-01
2.660000000000000000e+02 2.230000000000000000e+02 -5.013025552034378052e-02 2.170536480844020844e-02 5.320000052452087402e-01
2.870000000000000000e+02 2.070000000000000000e+02 -0.000000000000000000e+00 0.000000000000000000e+00 0.000000000000000000e+00
2.820000000000000000e+02 2.750000000000000000e+02 -3.664346784353256226e-02 -2.398136630654335022e-02 5.390000343322753906e-01
3.180000000000000000e+02 2.750000000000000000e+02 -4.814068321138620377e-03 -2.398136630654335022e-02 5.390000343322753906e-01
3.390000000000000000e+02 2.770000000000000000e+02 1.359998621046543121e-02 -2.546289563179016113e-02 5.330000519752502441e-01
3.590000000000000000e+02 2.810000000000000000e+02 0.000000000000000000e+00 -0.000000000000000000e+00 0.000000000000000000e+00
2.850000000000000000e+02 3.000000000000000000e+02 -3.405407816171646118e-02 -4.616894200444221497e-02 5.400000214576721191e-01
3.260000000000000000e+02 3.030000000000000000e+02 0.000000000000000000e+00 -0.000000000000000000e+00 0.000000000000000000e+00
3.490000000000000000e+02 3.080000000000000000e+02 0.000000000000000000e+00 -0.000000000000000000e+00 0.000000000000000000e+00
3.690000000000000000e+02 3.110000000000000000e+02 0.000000000000000000e+00 -0.000000000000000000e+00 0.000000000000000000e+00
2.800000000000000000e+02 3.210000000000000000e+02 -3.841176629066467285e-02 -6.464919447898864746e-02 5.390000343322753906e-01
3.180000000000000000e+02 3.250000000000000000e+02 -0.000000000000000000e+00 -0.000000000000000000e+00 0.000000000000000000e+00
3.400000000000000000e+02 3.280000000000000000e+02 1.422988716512918472e-02 -6.886641681194305420e-02 5.240000486373901367e-01
3.580000000000000000e+02 3.310000000000000000e+02 2.930491231381893158e-02 -7.049042731523513794e-02 5.170000195503234863e-01
2.700000000000000000e+02 3.410000000000000000e+02 -4.699026048183441162e-02 -8.187261223793029785e-02 5.360000133514404297e-01
3.020000000000000000e+02 3.460000000000000000e+02 -1.889011263847351074e-02 -8.642936497926712036e-02 5.370000004768371582e-01
3.190000000000000000e+02 3.480000000000000000e+02 -0.000000000000000000e+00 -0.000000000000000000e+00 0.000000000000000000e+00
3.340000000000000000e+02 3.510000000000000000e+02 7.670171558856964111e-03 -7.493332028388977051e-02 4.430000185966491699e-01
